chr_10	0	1000000	1.3288128755320025e-07
chr_10	1000000	2000000	2.871074402555126e-07
chr_10	2000000	3000000	1.838890168236219e-07
chr_10	3000000	4000000	1.7933624969388011e-07
chr_10	4000000	5000000	1.3029293261885768e-07
chr_10	5000000	6000000	1.460512023056424e-07
chr_10	6000000	7000000	9.635357561706476e-08
chr_10	7000000	8000000	6.177069950669487e-08
chr_10	8000000	9000000	2.8938230728401524e-08
chr_10	9000000	10000000	1.4733410921705628e-08
chr_10	10000000	11000000	1.4077447392039323e-08
chr_10	11000000	12000000	2.3439715821465487e-09
chr_10	12000000	13000000	1.1080788510674625e-09
chr_10	13000000	14000000	1.8153779179872047e-09
chr_10	14000000	15000000	1.8906641613329764e-08
chr_10	15000000	16000000	2.526864623438646e-08
chr_10	16000000	17000000	3.1251260698386814e-08
chr_10	17000000	18000000	4.868014938671286e-08
chr_10	18000000	19000000	3.518358692845292e-08
chr_10	19000000	20000000	3.0991565387509395e-08
chr_10	20000000	21000000	8.648642194987503e-08
chr_10	21000000	22000000	8.719513701600163e-08
chr_10	22000000	23000000	1.0299809441429962e-07
chr_10	23000000	24000000	1.1844895360229495e-07
chr_10	24000000	25000000	1.3971381476557047e-07
chr_10	25000000	26000000	1.3678457629344285e-07
chr_10	26000000	26388182	3.8650706110553164e-08
chr_11	4260	1000000	2.0148818622537987e-07
chr_11	1000000	2000000	2.6920778809407194e-07
chr_11	2000000	3000000	1.971154481425517e-07
chr_11	3000000	4000000	1.8360852699943764e-07
chr_11	4000000	5000000	7.548253471118175e-08
chr_11	5000000	6000000	1.138927918628205e-07
chr_11	6000000	7000000	1.472843684595776e-07
chr_11	7000000	8000000	8.276294168854621e-08
chr_11	8000000	9000000	8.436904907660154e-08
chr_11	9000000	10000000	4.4535940638731376e-08
chr_11	10000000	11000000	6.216948003678301e-08
chr_11	11000000	12000000	4.81811191008262e-08
chr_11	12000000	13000000	3.959894344791299e-08
chr_11	13000000	14000000	4.257596888343029e-08
chr_11	14000000	15000000	3.5891619096908684e-08
chr_11	15000000	16000000	5.4792162816559326e-08
chr_11	16000000	17000000	6.804046191575433e-08
chr_11	17000000	18000000	1.0443124576682396e-07
chr_11	18000000	19000000	1.4115834275434769e-07
chr_11	19000000	20000000	5.265657617855356e-08
chr_11	20000000	21000000	6.280955919307855e-08
chr_11	21000000	22000000	3.1500020844897455e-08
chr_11	22000000	22336587	1.2180221041915458e-09
chr_12	135	1000000	1.7085896588718174e-07
chr_12	1000000	2000000	3.551640268810428e-07
chr_12	2000000	3000000	3.095360543060235e-07
chr_12	3000000	4000000	1.9563243650286875e-07
chr_12	4000000	5000000	1.1372837539802607e-07
chr_12	5000000	6000000	8.292217472437809e-08
chr_12	6000000	7000000	8.370370573562369e-08
chr_12	7000000	8000000	3.4125786157016696e-08
chr_12	8000000	9000000	4.1065760144810184e-08
chr_12	9000000	10000000	3.8067498031021026e-08
chr_12	10000000	11000000	4.297490701791593e-08
chr_12	11000000	12000000	3.514614558686826e-08
chr_12	12000000	13000000	3.6863167380115294e-08
chr_12	13000000	14000000	2.0504262418046047e-08
chr_12	14000000	15000000	6.242522711752665e-09
chr_12	15000000	16000000	6.020130940493587e-09
chr_12	16000000	17000000	1.946349067312532e-08
chr_12	17000000	18000000	1.9298557009773014e-08
chr_12	18000000	19000000	3.1665476985534215e-08
chr_12	19000000	20000000	2.98473074817257e-08
chr_12	20000000	21000000	2.4752786572897267e-08
chr_12	21000000	22000000	8.198037751918096e-09
chr_12	22000000	22248248	7.098771501288965e-23
chr_13	3735	1000000	1.6435700267043606e-07
chr_13	1000000	2000000	3.8480024609846255e-07
chr_13	2000000	3000000	1.3733695538006887e-07
chr_13	3000000	4000000	1.0034541267162953e-07
chr_13	4000000	5000000	4.686608270200015e-08
chr_13	5000000	6000000	4.318467624893609e-08
chr_13	6000000	7000000	7.012802769714964e-08
chr_13	7000000	8000000	5.2442146841770915e-08
chr_13	8000000	9000000	5.0457625202879304e-08
chr_13	9000000	10000000	3.7148077020640185e-08
chr_13	10000000	11000000	1.5312941798029657e-08
chr_13	11000000	12000000	3.3194669015186974e-08
chr_13	12000000	13000000	3.6098607881740845e-08
chr_13	13000000	14000000	2.27096117585392e-08
chr_13	14000000	15000000	3.533912274639487e-08
chr_13	15000000	16000000	4.031885771347657e-08
chr_13	16000000	17000000	7.674017646647124e-08
chr_13	17000000	18000000	9.723419449563095e-08
chr_13	18000000	19000000	1.9246344024594e-07
chr_13	19000000	20000000	6.259767630652601e-08
chr_13	20000000	20604763	3.1164430303715332e-09
chr_14	264	1000000	1.4415075666043443e-08
chr_14	1000000	2000000	9.533764752823686e-08
chr_14	2000000	3000000	5.7838630742889803e-08
chr_14	3000000	4000000	1.26450699468525e-07
chr_14	4000000	5000000	1.0647199061350606e-07
chr_14	5000000	6000000	7.506007251570552e-08
chr_14	6000000	7000000	4.774043891483259e-08
chr_14	7000000	8000000	3.408833024243819e-08
chr_14	8000000	9000000	5.990477975578194e-08
chr_14	9000000	10000000	8.159034156326055e-08
chr_14	10000000	11000000	8.359325581255296e-08
chr_14	11000000	12000000	7.02087132276647e-08
chr_14	12000000	13000000	9.401699330424544e-08
chr_14	13000000	14000000	1.1124998369347163e-07
chr_14	14000000	15000000	9.56438087615596e-08
chr_14	15000000	16000000	1.6818153269712348e-07
chr_14	16000000	17000000	3.066579749020752e-07
chr_14	17000000	18000000	2.2792408799853648e-07
chr_14	18000000	19000000	1.6765264575466605e-07
chr_14	19000000	19083862	2.0244647552573678e-09
chr_15	1192	1000000	3.933500632553164e-09
chr_15	1000000	2000000	5.2500028092930733e-08
chr_15	2000000	3000000	7.761717114511599e-08
chr_15	3000000	4000000	9.99187065320773e-08
chr_15	4000000	5000000	6.807621298109496e-08
chr_15	5000000	6000000	5.74295148228746e-08
chr_15	6000000	7000000	1.2790236231138156e-07
chr_15	7000000	8000000	1.0767802793581907e-07
chr_15	8000000	9000000	7.316085948030868e-08
chr_15	9000000	10000000	7.515270023564145e-08
chr_15	10000000	11000000	8.997264674696856e-08
chr_15	11000000	12000000	1.3943492306425615e-07
chr_15	12000000	13000000	1.4584714493278724e-07
chr_15	13000000	14000000	1.5251840180205702e-07
chr_15	14000000	15000000	1.6384646766288663e-07
chr_15	15000000	16000000	2.523224189478526e-07
chr_15	16000000	16052595	5.283226318498007e-10
chr_16	375	1000000	2.7503857125875876e-08
chr_16	1000000	2000000	3.514038015271892e-09
chr_16	2000000	3000000	6.110477444317914e-08
chr_16	3000000	4000000	9.877682008319251e-08
chr_16	4000000	5000000	1.0117892142695494e-07
chr_16	5000000	6000000	1.0679289217782926e-07
chr_16	6000000	7000000	7.012314653004614e-08
chr_16	7000000	8000000	4.7886427445783345e-08
chr_16	8000000	9000000	8.358115776648371e-08
chr_16	9000000	10000000	1.086036631947854e-07
chr_16	10000000	11000000	1.065864378062785e-07
chr_16	11000000	12000000	1.0629598303193824e-07
chr_16	12000000	13000000	2.153543368649034e-07
chr_16	13000000	14000000	2.745910839882987e-07
chr_16	14000000	15000000	3.6350604259086217e-07
chr_16	15000000	15227765	5.7709966467226705e-09
chr_17	1340	1000000	3.544959158114611e-08
chr_17	1000000	2000000	1.10176329080106e-07
chr_17	2000000	3000000	7.831368703920325e-08
chr_17	3000000	4000000	4.727280232827898e-08
chr_17	4000000	5000000	1.1162173385714644e-07
chr_17	5000000	6000000	6.876170005478609e-08
chr_17	6000000	7000000	5.369009497857565e-08
chr_17	7000000	8000000	8.876490639926381e-08
chr_17	8000000	9000000	1.0620637481945521e-07
chr_17	9000000	10000000	1.4223960846139114e-07
chr_17	10000000	11000000	1.1676287369386296e-07
chr_17	11000000	12000000	1.4508415215551194e-07
chr_17	12000000	13000000	3.039594678956229e-07
chr_17	13000000	14000000	1.5415241520354987e-07
chr_17	14000000	14181043	7.687583822886558e-10
chr_18	32	1000000	2.8620678306923383e-08
chr_18	1000000	2000000	6.948650014759438e-08
chr_18	2000000	3000000	1.0949069722223788e-07
chr_18	3000000	4000000	1.5602521493271565e-07
chr_18	4000000	5000000	1.2736907190237374e-07
chr_18	5000000	6000000	9.594061234534188e-08
chr_18	6000000	7000000	9.989922483762709e-08
chr_18	7000000	8000000	8.73126574589879e-08
chr_18	8000000	9000000	1.3381254332154516e-07
chr_18	9000000	10000000	2.1324831557985338e-07
chr_18	10000000	11000000	2.156230080773062e-07
chr_18	11000000	11992912	1.745343594273924e-07
chr_19	2813	1000000	1.278259780088117e-08
chr_19	1000000	2000000	7.049226331250756e-08
chr_19	2000000	3000000	1.196225477993933e-07
chr_19	3000000	4000000	1.618337261601085e-07
chr_19	4000000	5000000	1.623114241481133e-07
chr_19	5000000	6000000	7.692467891898822e-08
chr_19	6000000	7000000	1.41176009539728e-07
chr_19	7000000	8000000	1.9191591654134143e-07
chr_19	8000000	9000000	2.0366425303657343e-07
chr_19	9000000	10000000	2.6289179901058384e-07
chr_19	10000000	11000000	1.5994460593044088e-07
chr_19	11000000	11398909	1.2975023163206215e-08
chr_1	9535	1000000	2.5973283401467624e-07
chr_1	1000000	2000000	3.5392685147574607e-07
chr_1	2000000	3000000	1.9352633524993833e-07
chr_1	3000000	4000000	1.3737863349243848e-07
chr_1	4000000	5000000	1.3393524823075987e-07
chr_1	5000000	6000000	7.38147612793017e-08
chr_1	6000000	7000000	1.0374832858990143e-07
chr_1	7000000	8000000	1.084991197778851e-07
chr_1	8000000	9000000	5.4430998363235765e-08
chr_1	9000000	10000000	5.4238052404052354e-08
chr_1	10000000	11000000	4.454108711188572e-08
chr_1	11000000	12000000	2.4085719290717412e-08
chr_1	12000000	13000000	2.204705590028012e-08
chr_1	13000000	14000000	2.5095491825744572e-08
chr_1	14000000	15000000	2.4118514314409832e-08
chr_1	15000000	16000000	2.2222038505816403e-08
chr_1	16000000	17000000	1.2861873291213923e-08
chr_1	17000000	18000000	2.4294297045097064e-08
chr_1	18000000	19000000	2.4323178991577994e-08
chr_1	19000000	20000000	1.8214922162831506e-08
chr_1	20000000	21000000	1.2637165305160815e-08
chr_1	21000000	22000000	1.4762510163585249e-08
chr_1	22000000	23000000	2.3820998851956278e-08
chr_1	23000000	24000000	2.1902724825443863e-08
chr_1	24000000	25000000	2.300737390908118e-08
chr_1	25000000	26000000	1.6762596011076196e-08
chr_1	26000000	27000000	9.36587547163435e-09
chr_1	27000000	28000000	2.0081837540158732e-08
chr_1	28000000	29000000	1.0630424791086566e-08
chr_1	29000000	30000000	1.5066821909329095e-08
chr_1	30000000	31000000	2.0290555096548207e-08
chr_1	31000000	32000000	1.8306678654683742e-08
chr_1	32000000	33000000	2.591229017753772e-08
chr_1	33000000	34000000	3.950034516336641e-08
chr_1	34000000	35000000	2.891121497769539e-08
chr_1	35000000	36000000	2.7815559693264552e-08
chr_1	36000000	37000000	1.4888602389787813e-08
chr_1	37000000	38000000	2.108658569348457e-08
chr_1	38000000	39000000	2.882811641987353e-08
chr_1	39000000	40000000	2.9771624462689123e-08
chr_1	40000000	41000000	4.87834648944262e-08
chr_1	41000000	42000000	3.113897054637501e-08
chr_1	42000000	43000000	2.2109077372824865e-08
chr_1	43000000	44000000	1.9888805729277637e-08
chr_1	44000000	45000000	2.1421244210857462e-08
chr_1	45000000	46000000	1.9317038277185943e-08
chr_1	46000000	47000000	1.7509348479751613e-08
chr_1	47000000	48000000	1.973369734044757e-08
chr_1	48000000	49000000	7.741927041247453e-09
chr_1	49000000	50000000	1.9016810348549108e-08
chr_1	50000000	51000000	1.2879975236052105e-08
chr_1	51000000	52000000	1.3343535439594452e-08
chr_1	52000000	53000000	2.0908113002628056e-08
chr_1	53000000	54000000	1.0723698204629575e-08
chr_1	54000000	55000000	5.426469417365867e-09
chr_1	55000000	56000000	3.4161787756434135e-09
chr_1	56000000	57000000	5.345135438921822e-10
chr_1	57000000	58000000	3.199617999033317e-10
chr_1	58000000	59000000	4.665620623437553e-09
chr_1	59000000	60000000	6.808410067886054e-09
chr_1	60000000	61000000	1.558365593097497e-08
chr_1	61000000	62000000	4.042143117556704e-08
chr_1	62000000	63000000	2.4983213326057317e-08
chr_1	63000000	64000000	3.883380853969196e-08
chr_1	64000000	65000000	2.7641618753738258e-08
chr_1	65000000	66000000	2.5952572552053912e-08
chr_1	66000000	67000000	2.315139298751635e-08
chr_1	67000000	68000000	3.374268153139094e-08
chr_1	68000000	69000000	2.3589245513542327e-08
chr_1	69000000	70000000	2.3600132221230145e-08
chr_1	70000000	71000000	2.143889422395754e-08
chr_1	71000000	72000000	1.2285794451214284e-08
chr_1	72000000	73000000	4.301838252704997e-09
chr_1	73000000	74000000	3.289715332587056e-09
chr_1	74000000	75000000	2.7877708057199742e-09
chr_1	75000000	76000000	5.121408082168836e-09
chr_1	76000000	77000000	5.027015775621417e-09
chr_1	77000000	78000000	8.777542076194623e-09
chr_1	78000000	79000000	2.1841594956378165e-08
chr_1	79000000	80000000	1.0825427123043584e-08
chr_1	80000000	81000000	1.9932529380640714e-08
chr_1	81000000	82000000	1.991756514203292e-08
chr_1	82000000	83000000	1.3219638800458864e-08
chr_1	83000000	84000000	1.2815574102899573e-08
chr_1	84000000	85000000	5.202734832915682e-09
chr_1	85000000	86000000	8.625351635611704e-09
chr_1	86000000	87000000	2.264511936227455e-08
chr_1	87000000	88000000	1.9908723821947687e-08
chr_1	88000000	89000000	2.0532447508726243e-08
chr_1	89000000	90000000	1.162013452445981e-08
chr_1	90000000	91000000	1.752421967281719e-08
chr_1	91000000	92000000	2.4440121949455087e-08
chr_1	92000000	93000000	2.669683390576302e-08
chr_1	93000000	94000000	2.8255953924853037e-08
chr_1	94000000	95000000	2.7382664593840016e-08
chr_1	95000000	96000000	7.862911139926816e-09
chr_1	96000000	97000000	1.175036860101612e-08
chr_1	97000000	98000000	1.0111043203517734e-08
chr_1	98000000	99000000	6.981190868248265e-09
chr_1	99000000	100000000	2.151156630362006e-08
chr_1	100000000	101000000	2.413028292197248e-08
chr_1	101000000	102000000	3.231463740710895e-08
chr_1	102000000	103000000	2.9732332870344506e-08
chr_1	103000000	104000000	2.8595230680419455e-08
chr_1	104000000	105000000	2.031102984396758e-08
chr_1	105000000	106000000	2.6458576638114255e-08
chr_1	106000000	107000000	1.8404962830780734e-08
chr_1	107000000	108000000	2.48997725522316e-08
chr_1	108000000	109000000	1.574518941814181e-08
chr_1	109000000	110000000	2.933250620568121e-08
chr_1	110000000	111000000	3.4130405166441566e-08
chr_1	111000000	112000000	1.943744080814135e-08
chr_1	112000000	113000000	1.7104206597892633e-08
chr_1	113000000	114000000	2.2545832654832742e-08
chr_1	114000000	115000000	2.6129034115061845e-08
chr_1	115000000	116000000	1.8967823452980728e-08
chr_1	116000000	117000000	2.4145087721375467e-08
chr_1	117000000	118000000	2.3962192750637863e-08
chr_1	118000000	119000000	2.0313210984231756e-08
chr_1	119000000	120000000	2.227553150172597e-08
chr_1	120000000	121000000	2.1575605356148576e-08
chr_1	121000000	122000000	1.7436479458032833e-08
chr_1	122000000	123000000	7.415743556184953e-09
chr_1	123000000	124000000	1.7599859725352707e-08
chr_1	124000000	125000000	2.1499208160749773e-08
chr_1	125000000	126000000	1.0433037913855152e-08
chr_1	126000000	127000000	1.3335593277463767e-08
chr_1	127000000	128000000	1.7784130359931964e-08
chr_1	128000000	129000000	1.679878616693819e-08
chr_1	129000000	130000000	1.802408972427155e-08
chr_1	130000000	131000000	2.2267946661644676e-08
chr_1	131000000	132000000	2.1327083640589193e-08
chr_1	132000000	133000000	1.8215954712913387e-08
chr_1	133000000	134000000	9.705515328996342e-09
chr_1	134000000	135000000	8.85351831118374e-09
chr_1	135000000	136000000	1.1409102713177542e-08
chr_1	136000000	137000000	3.3590596726323995e-09
chr_1	137000000	138000000	5.315893912889832e-09
chr_1	138000000	139000000	7.2318315894529235e-09
chr_1	139000000	140000000	1.3441377160041923e-08
chr_1	140000000	141000000	1.6744553715588262e-08
chr_1	141000000	142000000	1.3442592065930175e-08
chr_1	142000000	143000000	1.1910751690239729e-08
chr_1	143000000	144000000	1.3831907376218952e-08
chr_1	144000000	145000000	1.5017151171464975e-08
chr_1	145000000	146000000	1.443451279172544e-08
chr_1	146000000	147000000	9.065219644364252e-09
chr_1	147000000	148000000	1.4911257132000595e-08
chr_1	148000000	149000000	2.9066800640506714e-08
chr_1	149000000	150000000	2.976216900885434e-08
chr_1	150000000	151000000	6.964854699180332e-08
chr_1	151000000	152000000	1.3143701682604164e-07
chr_1	152000000	153000000	1.7492091843438618e-07
chr_1	153000000	153191966	2.4578335879615546e-08
chr_20	184	1000000	2.0844383721499654e-08
chr_20	1000000	2000000	1.2115756682888132e-07
chr_20	2000000	3000000	1.1342271038887414e-07
chr_20	3000000	4000000	9.916734394390088e-08
chr_20	4000000	5000000	1.4377734405321197e-07
chr_20	5000000	6000000	1.8361761189012304e-07
chr_20	6000000	7000000	1.3028545610209375e-07
chr_20	7000000	8000000	8.17620010928244e-08
chr_20	8000000	9000000	2.828498635523741e-07
chr_20	9000000	10000000	2.9771834074757975e-07
chr_20	10000000	11000000	1.8677345939052978e-07
chr_20	11000000	11247146	1.2833936380682195e-08
chr_21	5500	1000000	1.433432659750333e-07
chr_21	1000000	2000000	2.4585909600003553e-07
chr_21	2000000	3000000	1.6310566632132053e-07
chr_21	3000000	4000000	1.8984044442448615e-07
chr_21	4000000	5000000	8.354998739161979e-08
chr_21	5000000	6000000	1.1469662375444133e-07
chr_21	6000000	7000000	9.266741009225354e-08
chr_21	7000000	8000000	1.1103157919124181e-07
chr_21	8000000	9000000	1.1380693982823199e-07
chr_21	9000000	10000000	3.569400711983116e-08
chr_21	10000000	10057877	1.6886874890593882e-09
chr_22	4874	1000000	3.8290454621035597e-07
chr_22	1000000	2000000	3.1415350082310573e-07
chr_22	2000000	3000000	1.5952883547885706e-07
chr_22	3000000	4000000	1.4809401419372848e-07
chr_22	4000000	5000000	9.363240787451552e-08
chr_22	5000000	6000000	1.685456220011667e-07
chr_22	6000000	7000000	1.5707742905739947e-07
chr_22	7000000	7556613	9.093498783716185e-09
chr_23	182	1000000	4.8491563627582544e-08
chr_23	1000000	2000000	1.4910441977222847e-07
chr_23	2000000	3000000	1.5671283820078678e-07
chr_23	3000000	4000000	2.564611452909089e-07
chr_23	4000000	5000000	3.215271514754438e-07
chr_23	5000000	6000000	3.2067630428649214e-07
chr_23	6000000	7000000	2.2615937881476727e-07
chr_23	7000000	7468006	1.7923891004668638e-08
chr_24	22400	1000000	1.3201596832287387e-07
chr_24	1000000	2000000	2.6453021749592735e-07
chr_24	2000000	3000000	2.3502456426805356e-07
chr_24	3000000	4000000	1.9917606012170086e-07
chr_24	4000000	5000000	1.8301460738910492e-07
chr_24	5000000	6000000	1.5491616162887682e-07
chr_24	6000000	6880078	4.660904654021187e-08
chr_25	849	1000000	1.260282842179625e-07
chr_25	1000000	2000000	3.4937979690403744e-07
chr_25	2000000	3000000	2.9056748990597504e-07
chr_25	3000000	4000000	1.8626819491844177e-07
chr_25	4000000	5000000	1.4556898013449655e-07
chr_25	5000000	6000000	7.362646077378501e-08
chr_25	6000000	6774984	1.532027391652301e-08
chr_26	12259	1000000	2.6847265288146544e-08
chr_26	1000000	2000000	1.605101797006885e-07
chr_26	2000000	3000000	1.5515576548429952e-07
chr_26	3000000	4000000	2.686722027339116e-07
chr_26	4000000	5000000	1.511199291110416e-07
chr_26	5000000	5057788	1.6780560731595892e-09
chr_27	847	1000000	2.76775299232596e-07
chr_27	1000000	2000000	1.732274957706894e-07
chr_27	2000000	3000000	7.868500442637269e-08
chr_27	3000000	4000000	1.401331336911255e-07
chr_27	4000000	5000000	5.138836234147569e-08
chr_27	5000000	5000985	2.6800359535189384e-10
chr_28	1583	1000000	2.791694764989439e-07
chr_28	1000000	2000000	3.1851441464241163e-07
chr_28	2000000	3000000	4.046606425604039e-07
chr_28	3000000	4000000	3.0671422213720863e-07
chr_28	4000000	4651627	1.4304100173150201e-07
chr_29	529	1000000	2.0437382845990883e-07
chr_29	1000000	2000000	1.7848790538064554e-07
chr_29	2000000	2201282	5.067473938800884e-07
chr_2	28	1000000	2.983196212410196e-07
chr_2	1000000	2000000	1.8831033840744985e-07
chr_2	2000000	3000000	1.2940900122341915e-07
chr_2	3000000	4000000	1.2228286260805847e-07
chr_2	4000000	5000000	9.739852810277594e-08
chr_2	5000000	6000000	7.706729780252468e-08
chr_2	6000000	7000000	8.046982411610223e-08
chr_2	7000000	8000000	6.076746617059147e-08
chr_2	8000000	9000000	6.523278460209059e-08
chr_2	9000000	10000000	9.615651571792374e-08
chr_2	10000000	11000000	1.0736723037058459e-07
chr_2	11000000	12000000	8.462981359275403e-08
chr_2	12000000	13000000	6.11586349450315e-08
chr_2	13000000	14000000	3.39521932339566e-08
chr_2	14000000	15000000	4.102978875826428e-08
chr_2	15000000	16000000	3.758382345040207e-08
chr_2	16000000	17000000	3.028106331664466e-08
chr_2	17000000	18000000	6.418559061250502e-09
chr_2	18000000	19000000	6.755821604587796e-10
chr_2	19000000	20000000	2.87406917356333e-10
chr_2	20000000	21000000	6.657698942897046e-09
chr_2	21000000	22000000	8.030549402801252e-09
chr_2	22000000	23000000	2.1050169787765805e-08
chr_2	23000000	24000000	3.180952097640242e-08
chr_2	24000000	25000000	2.975233022138893e-08
chr_2	25000000	26000000	3.183313712799767e-08
chr_2	26000000	27000000	2.8098006968571332e-08
chr_2	27000000	28000000	2.3904486307995076e-08
chr_2	28000000	29000000	2.5859622372702123e-08
chr_2	29000000	30000000	2.458145833494908e-08
chr_2	30000000	31000000	1.298393994049746e-08
chr_2	31000000	32000000	2.030158098070971e-08
chr_2	32000000	33000000	3.679401563853703e-08
chr_2	33000000	34000000	2.409590551795561e-08
chr_2	34000000	35000000	1.4378095105502884e-08
chr_2	35000000	36000000	1.4605710094902698e-08
chr_2	36000000	37000000	2.432495656599098e-08
chr_2	37000000	38000000	1.1833847915729089e-08
chr_2	38000000	39000000	1.515849588972685e-08
chr_2	39000000	40000000	1.7953315076176657e-08
chr_2	40000000	41000000	1.9614356655137974e-08
chr_2	41000000	42000000	2.4130926685510748e-08
chr_2	42000000	43000000	2.0131537878843464e-08
chr_2	43000000	44000000	2.0128636871299668e-08
chr_2	44000000	45000000	1.9613383662522815e-08
chr_2	45000000	46000000	2.4601045119166042e-08
chr_2	46000000	47000000	2.0993791869822516e-08
chr_2	47000000	48000000	2.063137025914915e-08
chr_2	48000000	49000000	1.1637115041004867e-08
chr_2	49000000	50000000	1.8159152191661255e-08
chr_2	50000000	51000000	1.7943516825925974e-08
chr_2	51000000	52000000	1.7424331267149223e-08
chr_2	52000000	53000000	1.4045524041158275e-08
chr_2	53000000	54000000	2.2458852731801207e-08
chr_2	54000000	55000000	2.2143628327241697e-08
chr_2	55000000	56000000	1.296942166839477e-08
chr_2	56000000	57000000	7.939758999781098e-09
chr_2	57000000	58000000	3.5711892660776723e-09
chr_2	58000000	59000000	4.630416539261974e-09
chr_2	59000000	60000000	5.822125329225506e-09
chr_2	60000000	61000000	3.5390680180459857e-09
chr_2	61000000	62000000	4.0283696010255825e-09
chr_2	62000000	63000000	3.857468661097825e-09
chr_2	63000000	64000000	7.36935918747658e-09
chr_2	64000000	65000000	1.2417332645662917e-08
chr_2	65000000	66000000	2.124474053215585e-08
chr_2	66000000	67000000	1.553865732879588e-08
chr_2	67000000	68000000	1.0312850917795467e-08
chr_2	68000000	69000000	3.736210353827013e-09
chr_2	69000000	70000000	2.4595473893713403e-09
chr_2	70000000	71000000	3.331455726701175e-09
chr_2	71000000	72000000	2.886619358843571e-09
chr_2	72000000	73000000	6.2025861387321165e-09
chr_2	73000000	74000000	1.1997143554516289e-08
chr_2	74000000	75000000	2.4546623192565112e-08
chr_2	75000000	76000000	2.245370307378713e-08
chr_2	76000000	77000000	2.0586319266741543e-08
chr_2	77000000	78000000	1.4260962930732621e-08
chr_2	78000000	79000000	4.979761298596193e-09
chr_2	79000000	80000000	9.421986496583495e-09
chr_2	80000000	81000000	1.6393822202115105e-08
chr_2	81000000	82000000	1.7379819569184868e-08
chr_2	82000000	83000000	2.3520177832937576e-08
chr_2	83000000	84000000	2.4360627219485582e-08
chr_2	84000000	85000000	2.151033990790052e-08
chr_2	85000000	86000000	2.5197590260393112e-08
chr_2	86000000	87000000	1.4578557674193057e-08
chr_2	87000000	88000000	2.1156122817127645e-08
chr_2	88000000	89000000	2.4073752979662827e-08
chr_2	89000000	90000000	2.5587944981628755e-08
chr_2	90000000	91000000	2.3067306574272485e-08
chr_2	91000000	92000000	2.031172964634465e-08
chr_2	92000000	93000000	1.1247669806390379e-08
chr_2	93000000	94000000	4.963690387379453e-09
chr_2	94000000	95000000	1.585677136075134e-08
chr_2	95000000	96000000	2.9464078040456133e-08
chr_2	96000000	97000000	3.5393303856698214e-08
chr_2	97000000	98000000	3.211649559222634e-08
chr_2	98000000	99000000	2.590969555742754e-08
chr_2	99000000	100000000	2.92607583692277e-08
chr_2	100000000	101000000	3.4119948525610275e-08
chr_2	101000000	102000000	2.9944414285412575e-08
chr_2	102000000	103000000	2.3626609524660312e-08
chr_2	103000000	104000000	2.4753642374999826e-08
chr_2	104000000	105000000	2.992372930139786e-08
chr_2	105000000	106000000	2.7745467262524215e-08
chr_2	106000000	107000000	4.25819143840338e-08
chr_2	107000000	108000000	8.459834194375787e-08
chr_2	108000000	109000000	7.793120324324835e-08
chr_2	109000000	110000000	8.3808178130053e-08
chr_2	110000000	111000000	1.4031456938839443e-07
chr_2	111000000	112000000	1.1458719277833901e-07
chr_2	112000000	113000000	1.6233342173288834e-07
chr_2	113000000	114000000	1.9240183129313073e-07
chr_2	114000000	115000000	1.8415064587193532e-07
chr_2	115000000	115287584	6.34670244446852e-08
chr_30	619	1000000	3.931023322565263e-08
chr_30	1000000	2000000	2.0230984305578697e-07
chr_30	2000000	2016424	2.230301140741432e-07
chr_31	405	559614	1.1791264612233193e-08
chr_32	1060	435829	1.4595326875865167e-09
chr_33	15	294090	1.7190326225461998e-07
chr_3	74	1000000	2.8889286466591083e-07
chr_3	1000000	2000000	2.5530273209902e-07
chr_3	2000000	3000000	1.4982162141583339e-07
chr_3	3000000	4000000	8.258181300115187e-08
chr_3	4000000	5000000	4.5028516685674756e-08
chr_3	5000000	6000000	2.4667047181765e-08
chr_3	6000000	7000000	3.4530586076812746e-08
chr_3	7000000	8000000	1.7627151603091e-08
chr_3	8000000	9000000	8.945892564469127e-09
chr_3	9000000	10000000	2.0994512187932577e-08
chr_3	10000000	11000000	1.4115865519182741e-08
chr_3	11000000	12000000	1.1625567930845245e-08
chr_3	12000000	13000000	8.094217173637493e-09
chr_3	13000000	14000000	1.3997596340677425e-08
chr_3	14000000	15000000	1.1086674943879707e-08
chr_3	15000000	16000000	1.0701893609314932e-08
chr_3	16000000	17000000	1.2042999998857539e-08
chr_3	17000000	18000000	1.124893242633955e-08
chr_3	18000000	19000000	7.85183084597466e-09
chr_3	19000000	20000000	8.963096188077591e-09
chr_3	20000000	21000000	9.211771383772225e-09
chr_3	21000000	22000000	3.040099906495725e-09
chr_3	22000000	23000000	5.932902916934725e-09
chr_3	23000000	24000000	1.1906226693588322e-08
chr_3	24000000	25000000	1.1039501828797196e-08
chr_3	25000000	26000000	1.6541973147867228e-08
chr_3	26000000	27000000	9.122446241743812e-09
chr_3	27000000	28000000	5.751651886260868e-09
chr_3	28000000	29000000	7.591909734711043e-09
chr_3	29000000	30000000	1.444990075994334e-08
chr_3	30000000	31000000	2.0529980575468063e-08
chr_3	31000000	32000000	1.557584428114141e-08
chr_3	32000000	33000000	1.8719370987863824e-08
chr_3	33000000	34000000	2.111160634442347e-08
chr_3	34000000	35000000	3.319401344940815e-08
chr_3	35000000	36000000	2.5597285927586163e-08
chr_3	36000000	37000000	2.0792252644874902e-08
chr_3	37000000	38000000	1.1338554561157451e-08
chr_3	38000000	39000000	1.3741880076205033e-08
chr_3	39000000	40000000	1.4905127095712448e-08
chr_3	40000000	41000000	1.9504839806109642e-08
chr_3	41000000	42000000	8.88911405699524e-09
chr_3	42000000	43000000	9.084366350474936e-09
chr_3	43000000	44000000	2.1083965195973722e-08
chr_3	44000000	45000000	3.167081158783207e-08
chr_3	45000000	46000000	2.5562886634360784e-08
chr_3	46000000	47000000	2.8455493541827773e-08
chr_3	47000000	48000000	1.5475331675863455e-08
chr_3	48000000	49000000	2.1605067633878544e-08
chr_3	49000000	50000000	2.092613493945277e-08
chr_3	50000000	51000000	1.5959071268501322e-08
chr_3	51000000	52000000	1.4615079734923586e-08
chr_3	52000000	53000000	1.7181539445045947e-08
chr_3	53000000	54000000	1.728485538302791e-08
chr_3	54000000	55000000	2.0338661677265835e-08
chr_3	55000000	56000000	2.1621148126336e-08
chr_3	56000000	57000000	2.399577692472758e-08
chr_3	57000000	58000000	2.444981345842755e-08
chr_3	58000000	59000000	1.4314461870980454e-08
chr_3	59000000	60000000	2.1815589145675462e-08
chr_3	60000000	61000000	2.9403703964751503e-08
chr_3	61000000	62000000	2.2528750775311123e-08
chr_3	62000000	63000000	8.93116596867241e-09
chr_3	63000000	64000000	2.2860414528162316e-08
chr_3	64000000	65000000	1.7258530157629074e-08
chr_3	65000000	66000000	1.3815887924610686e-08
chr_3	66000000	67000000	2.529358593350197e-08
chr_3	67000000	68000000	1.6092016845528244e-08
chr_3	68000000	69000000	1.2839744491071769e-08
chr_3	69000000	70000000	1.7921205381596123e-08
chr_3	70000000	71000000	1.7360996334614663e-08
chr_3	71000000	72000000	1.971098495770315e-08
chr_3	72000000	73000000	1.523033561567653e-08
chr_3	73000000	74000000	1.4632763422460362e-08
chr_3	74000000	75000000	1.8045107866874384e-08
chr_3	75000000	76000000	1.655818201133405e-08
chr_3	76000000	77000000	3.544871908750685e-08
chr_3	77000000	78000000	2.4683094324708066e-08
chr_3	78000000	79000000	1.863457497041114e-08
chr_3	79000000	80000000	1.4731977325166055e-08
chr_3	80000000	81000000	2.5061152822861407e-08
chr_3	81000000	82000000	1.7645372370698248e-08
chr_3	82000000	83000000	1.3860800566650794e-08
chr_3	83000000	84000000	1.5592718187330662e-08
chr_3	84000000	85000000	1.6597753086564764e-08
chr_3	85000000	86000000	1.8654839239327517e-08
chr_3	86000000	87000000	1.6235234721112627e-08
chr_3	87000000	88000000	1.4722257115289195e-08
chr_3	88000000	89000000	1.9276451537111984e-08
chr_3	89000000	90000000	2.7302768777341642e-08
chr_3	90000000	91000000	2.230441074140496e-08
chr_3	91000000	92000000	1.9915847644332645e-08
chr_3	92000000	93000000	1.6766776539651254e-08
chr_3	93000000	94000000	1.6226525513816573e-08
chr_3	94000000	95000000	2.2812342578107463e-08
chr_3	95000000	96000000	3.245668798485419e-08
chr_3	96000000	97000000	3.110137453851853e-08
chr_3	97000000	98000000	4.129075631524986e-08
chr_3	98000000	99000000	4.479794513165595e-08
chr_3	99000000	100000000	3.2998015551160504e-08
chr_3	100000000	101000000	4.0092035430421606e-08
chr_3	101000000	102000000	6.94052919454764e-08
chr_3	102000000	103000000	5.545176876935661e-08
chr_3	103000000	104000000	6.194966239821674e-08
chr_3	104000000	105000000	6.75509798702681e-08
chr_3	105000000	106000000	9.270786254564317e-08
chr_3	106000000	107000000	8.67029376196105e-08
chr_3	107000000	108000000	1.0848751655154756e-07
chr_3	108000000	109000000	1.231918892846178e-07
chr_3	109000000	110000000	1.3523690865464465e-07
chr_3	110000000	111000000	1.5595224573270585e-07
chr_3	111000000	112000000	1.1351733777422955e-07
chr_3	112000000	113000000	4.455904629309957e-08
chr_3	113000000	113356214	2.6965636842600673e-09
chr_4	752	1000000	1.6518104451284256e-07
chr_4	1000000	2000000	2.2694913486279063e-07
chr_4	2000000	3000000	2.2992461485025436e-07
chr_4	3000000	4000000	1.3106058229501454e-07
chr_4	4000000	5000000	1.0921549363417802e-07
chr_4	5000000	6000000	1.805901576245624e-07
chr_4	6000000	7000000	1.540710373642367e-07
chr_4	7000000	8000000	6.940675806266594e-08
chr_4	8000000	9000000	6.612741490248388e-08
chr_4	9000000	10000000	6.29145204612527e-08
chr_4	10000000	11000000	4.149474741546255e-08
chr_4	11000000	12000000	2.912934694348525e-08
chr_4	12000000	13000000	2.1877407051804398e-08
chr_4	13000000	14000000	1.719159073890218e-08
chr_4	14000000	15000000	2.455100332551739e-08
chr_4	15000000	16000000	4.2169359326200604e-08
chr_4	16000000	17000000	2.986976649167103e-08
chr_4	17000000	18000000	3.106778340725487e-08
chr_4	18000000	19000000	4.5967283587644815e-08
chr_4	19000000	20000000	4.0900356482683713e-08
chr_4	20000000	21000000	2.053085759587425e-08
chr_4	21000000	22000000	2.1222654955160627e-08
chr_4	22000000	23000000	1.8079921654628128e-08
chr_4	23000000	24000000	2.5659037886699464e-08
chr_4	24000000	25000000	1.5369360657469587e-08
chr_4	25000000	26000000	1.6087545396821835e-08
chr_4	26000000	27000000	1.9365000984939154e-08
chr_4	27000000	28000000	2.147126235861634e-08
chr_4	28000000	29000000	1.2284730801534738e-08
chr_4	29000000	30000000	1.8634298028119342e-08
chr_4	30000000	31000000	2.3698242855446598e-08
chr_4	31000000	32000000	2.513631833893511e-08
chr_4	32000000	33000000	2.310511207652889e-08
chr_4	33000000	34000000	2.5976635653777604e-08
chr_4	34000000	35000000	1.9624779204242465e-08
chr_4	35000000	36000000	7.598828221320518e-09
chr_4	36000000	37000000	1.2850701945771945e-08
chr_4	37000000	38000000	1.8541874047870816e-08
chr_4	38000000	39000000	8.557064449431176e-09
chr_4	39000000	40000000	1.149998637254598e-08
chr_4	40000000	41000000	1.0022016226480568e-08
chr_4	41000000	42000000	1.3367204073248313e-08
chr_4	42000000	43000000	1.2132850537564636e-08
chr_4	43000000	44000000	1.3020478795711512e-08
chr_4	44000000	45000000	1.2726504370182367e-08
chr_4	45000000	46000000	1.5243284221148935e-08
chr_4	46000000	47000000	1.3703258121066636e-08
chr_4	47000000	48000000	1.6362892161808893e-08
chr_4	48000000	49000000	1.2264390888940703e-08
chr_4	49000000	50000000	1.2929815812361441e-08
chr_4	50000000	51000000	1.2426730408138671e-08
chr_4	51000000	52000000	2.8437941754049648e-08
chr_4	52000000	53000000	3.569678894962648e-08
chr_4	53000000	54000000	5.9076585748473236e-08
chr_4	54000000	55000000	3.616112397774653e-08
chr_4	55000000	56000000	3.886850251638093e-08
chr_4	56000000	57000000	5.3064309303504307e-08
chr_4	57000000	58000000	5.320335886790128e-08
chr_4	58000000	59000000	6.221330973786338e-08
chr_4	59000000	60000000	8.164085294584744e-08
chr_4	60000000	61000000	6.485436682122805e-08
chr_4	61000000	62000000	6.638747428485129e-08
chr_4	62000000	63000000	6.977556079183096e-08
chr_4	63000000	64000000	6.77849849233738e-08
chr_4	64000000	65000000	4.810269575977266e-08
chr_4	65000000	66000000	7.479439444784461e-08
chr_4	66000000	67000000	1.3149267939978017e-07
chr_4	67000000	68000000	1.0099126919890366e-07
chr_4	68000000	69000000	5.6648622895906264e-08
chr_4	69000000	70000000	1.0266263490240095e-08
chr_4	70000000	71000000	7.938752085935875e-08
chr_4	71000000	72000000	1.285758616931058e-07
chr_4	72000000	72977953	1.3159773826057893e-07
chr_5	28	1000000	1.9855693021044884e-07
chr_5	1000000	2000000	3.3298797536731783e-07
chr_5	2000000	3000000	1.8634831285722399e-07
chr_5	3000000	4000000	1.7618775691827258e-07
chr_5	4000000	5000000	1.4125903018861178e-07
chr_5	5000000	6000000	5.5917600912148416e-08
chr_5	6000000	7000000	3.733023591134162e-08
chr_5	7000000	8000000	5.6008074791333415e-08
chr_5	8000000	9000000	6.584045241007461e-08
chr_5	9000000	10000000	6.56527390452675e-08
chr_5	10000000	11000000	6.579533070844586e-08
chr_5	11000000	12000000	3.807939344691718e-08
chr_5	12000000	13000000	4.9244602460619886e-08
chr_5	13000000	14000000	3.701852539251667e-08
chr_5	14000000	15000000	3.458890659229194e-08
chr_5	15000000	16000000	2.590531638010193e-08
chr_5	16000000	17000000	3.8927434305815986e-08
chr_5	17000000	18000000	2.7084140467766965e-08
chr_5	18000000	19000000	1.3199164502521533e-08
chr_5	19000000	20000000	2.30003450619431e-08
chr_5	20000000	21000000	4.286755530764834e-08
chr_5	21000000	22000000	8.434786736096565e-08
chr_5	22000000	23000000	8.80698568115064e-08
chr_5	23000000	24000000	3.05833787852284e-08
chr_5	24000000	25000000	2.6230442532729434e-08
chr_5	25000000	26000000	1.7025762675206196e-08
chr_5	26000000	27000000	1.1495552329582302e-08
chr_5	27000000	28000000	4.6042092108461675e-09
chr_5	28000000	29000000	1.5951662129581225e-08
chr_5	29000000	30000000	1.8287569853643265e-08
chr_5	30000000	31000000	1.5677173448892463e-08
chr_5	31000000	32000000	1.0594326818292617e-08
chr_5	32000000	33000000	1.4457677307267087e-08
chr_5	33000000	34000000	1.7298932289567454e-08
chr_5	34000000	35000000	1.8067251237067882e-08
chr_5	35000000	36000000	1.1823284431607846e-08
chr_5	36000000	37000000	1.1873170355442511e-08
chr_5	37000000	38000000	2.1697482217756643e-08
chr_5	38000000	39000000	1.7002725446717012e-08
chr_5	39000000	40000000	1.3972892605864988e-08
chr_5	40000000	41000000	7.506675204046627e-09
chr_5	41000000	42000000	7.615421204487932e-09
chr_5	42000000	43000000	8.902575920788287e-09
chr_5	43000000	44000000	1.3365701844383886e-08
chr_5	44000000	45000000	1.183480496670681e-08
chr_5	45000000	46000000	1.1407656949278893e-08
chr_5	46000000	47000000	1.4036419725451625e-08
chr_5	47000000	48000000	3.0264826217062355e-08
chr_5	48000000	49000000	3.5247405128004954e-08
chr_5	49000000	50000000	2.1837444036267944e-08
chr_5	50000000	51000000	3.212445463557629e-08
chr_5	51000000	52000000	3.1486178047247285e-08
chr_5	52000000	53000000	2.9455816839377252e-08
chr_5	53000000	54000000	2.451788004427104e-08
chr_5	54000000	55000000	2.9412304983202963e-08
chr_5	55000000	56000000	3.3084646548905164e-08
chr_5	56000000	57000000	3.463687915213089e-08
chr_5	57000000	58000000	3.438759830823324e-08
chr_5	58000000	59000000	3.24630915553976e-08
chr_5	59000000	60000000	5.0711139233551486e-08
chr_5	60000000	61000000	6.039746309113376e-08
chr_5	61000000	62000000	7.658680607431922e-08
chr_5	62000000	63000000	9.035610684608421e-08
chr_5	63000000	64000000	8.123517740926932e-08
chr_5	64000000	65000000	6.643756253313244e-08
chr_5	65000000	66000000	6.260552731402377e-08
chr_5	66000000	67000000	5.536756004202153e-08
chr_5	67000000	68000000	1.9014566605938623e-08
chr_5	68000000	69000000	4.867531791087323e-09
chr_5	69000000	70000000	4.419875007726106e-08
chr_5	70000000	71000000	7.2169470306021e-08
chr_5	71000000	72000000	2.1384268409729e-07
chr_5	72000000	72605010	2.1261927642436991e-07
chr_6	5939	1000000	2.1355423834108537e-07
chr_6	1000000	2000000	1.9605130455330403e-07
chr_6	2000000	3000000	1.0069171499109343e-07
chr_6	3000000	4000000	9.925982992010118e-08
chr_6	4000000	5000000	7.349054326350544e-08
chr_6	5000000	6000000	1.0647096997498275e-09
chr_6	6000000	7000000	3.878194268406334e-09
chr_6	7000000	8000000	3.871655647137049e-08
chr_6	8000000	9000000	7.131628417205044e-08
chr_6	9000000	10000000	4.4337604578335775e-08
chr_6	10000000	11000000	4.054139527634801e-08
chr_6	11000000	12000000	6.475652836172108e-08
chr_6	12000000	13000000	6.982106131832451e-08
chr_6	13000000	14000000	5.018067212036988e-08
chr_6	14000000	15000000	4.0450191342298157e-08
chr_6	15000000	16000000	5.1440989871477475e-08
chr_6	16000000	17000000	3.117605637179186e-08
chr_6	17000000	18000000	4.037296963799476e-08
chr_6	18000000	19000000	1.954900355347629e-08
chr_6	19000000	20000000	2.1951627363294817e-08
chr_6	20000000	21000000	3.257919702360013e-08
chr_6	21000000	22000000	2.6128775296845307e-08
chr_6	22000000	23000000	3.1612849969887375e-08
chr_6	23000000	24000000	1.5390157572898388e-08
chr_6	24000000	25000000	2.0189044137211327e-08
chr_6	25000000	26000000	1.3276608808937518e-08
chr_6	26000000	27000000	1.3518105302573438e-08
chr_6	27000000	28000000	1.8343486313839786e-08
chr_6	28000000	29000000	2.0192704010373416e-08
chr_6	29000000	30000000	3.2465970673989296e-08
chr_6	30000000	31000000	1.5642265940089963e-08
chr_6	31000000	32000000	1.0526926556472102e-08
chr_6	32000000	33000000	7.350926514475871e-09
chr_6	33000000	34000000	1.4496106271189118e-08
chr_6	34000000	35000000	2.3155756714172766e-08
chr_6	35000000	36000000	1.6696862173523917e-08
chr_6	36000000	37000000	3.0014986642702015e-08
chr_6	37000000	38000000	2.3774029385340753e-08
chr_6	38000000	39000000	3.370987177956541e-08
chr_6	39000000	40000000	3.978380028970162e-08
chr_6	40000000	41000000	3.986006620309481e-08
chr_6	41000000	42000000	3.486035692716125e-08
chr_6	42000000	43000000	3.4296697295908835e-08
chr_6	43000000	44000000	2.9397994952255103e-08
chr_6	44000000	45000000	2.6282888827131222e-08
chr_6	45000000	46000000	3.0310008153116975e-08
chr_6	46000000	47000000	3.470526452258785e-08
chr_6	47000000	48000000	2.680015795633741e-08
chr_6	48000000	49000000	2.42224290946958e-08
chr_6	49000000	50000000	4.729477275798403e-08
chr_6	50000000	51000000	3.833540434844937e-08
chr_6	51000000	52000000	4.153932251358109e-08
chr_6	52000000	53000000	3.5096486418041645e-08
chr_6	53000000	54000000	2.5346918328075447e-08
chr_6	54000000	55000000	7.756725557181739e-08
chr_6	55000000	56000000	1.080749626472199e-07
chr_6	56000000	57000000	1.1356369829616941e-07
chr_6	57000000	58000000	1.0762345083667886e-07
chr_6	58000000	59000000	1.614261129067415e-07
chr_6	59000000	60000000	1.6042035145781202e-07
chr_6	60000000	61000000	1.7406420431060316e-07
chr_6	61000000	62000000	1.919868259304314e-07
chr_6	62000000	63000000	2.198395477752164e-07
chr_6	63000000	63422872	1.4618257694554315e-07
chr_7	56	1000000	4.100250898971403e-08
chr_7	1000000	2000000	8.864287206443931e-08
chr_7	2000000	3000000	1.823397309966797e-08
chr_7	3000000	4000000	7.672091425531321e-08
chr_7	4000000	5000000	8.425601119159172e-08
chr_7	5000000	6000000	6.617485665561437e-08
chr_7	6000000	7000000	6.102122471138174e-08
chr_7	7000000	8000000	4.433336280852222e-08
chr_7	8000000	9000000	6.860175773001152e-08
chr_7	9000000	10000000	4.7455842425258795e-08
chr_7	10000000	11000000	4.9833450117330334e-08
chr_7	11000000	12000000	2.51547192109105e-08
chr_7	12000000	13000000	1.9677857947721322e-08
chr_7	13000000	14000000	2.5452466120298397e-08
chr_7	14000000	15000000	2.9791992189592765e-08
chr_7	15000000	16000000	2.3288643859559224e-08
chr_7	16000000	17000000	1.9788625613785212e-08
chr_7	17000000	18000000	1.0920898311182166e-08
chr_7	18000000	19000000	1.2764090765485717e-08
chr_7	19000000	20000000	1.2625378268600936e-08
chr_7	20000000	21000000	7.92096494633353e-09
chr_7	21000000	22000000	9.790242029747942e-09
chr_7	22000000	23000000	2.108645875794141e-08
chr_7	23000000	24000000	2.2428948571660424e-08
chr_7	24000000	25000000	2.817694168753478e-08
chr_7	25000000	26000000	3.1299317083797115e-08
chr_7	26000000	27000000	2.2932631644475688e-08
chr_7	27000000	28000000	3.6455207602216504e-08
chr_7	28000000	29000000	8.027481002859348e-08
chr_7	29000000	30000000	5.7534353054465636e-08
chr_7	30000000	31000000	6.244063934952464e-08
chr_7	31000000	32000000	7.413175804405291e-08
chr_7	32000000	33000000	7.86664645384206e-08
chr_7	33000000	34000000	1.0981058526563851e-07
chr_7	34000000	35000000	8.057242058634633e-08
chr_7	35000000	36000000	8.901563422551379e-08
chr_7	36000000	37000000	2.678723367145031e-07
chr_7	37000000	38000000	3.8118811489250356e-07
chr_7	38000000	38852243	2.109965600933045e-07
chr_8	39	1000000	1.669354143176081e-07
chr_8	1000000	2000000	1.258955822529033e-07
chr_8	2000000	3000000	2.1472383361130374e-07
chr_8	3000000	4000000	1.9877692018556645e-07
chr_8	4000000	5000000	1.2965711430237252e-07
chr_8	5000000	6000000	1.1750158766283768e-07
chr_8	6000000	7000000	8.59458824225619e-08
chr_8	7000000	8000000	5.566773967758634e-08
chr_8	8000000	9000000	6.405544501572956e-08
chr_8	9000000	10000000	5.073527228930838e-08
chr_8	10000000	11000000	4.917885237077221e-08
chr_8	11000000	12000000	6.114986577741603e-08
chr_8	12000000	13000000	4.188424427671614e-08
chr_8	13000000	14000000	3.768958684294255e-08
chr_8	14000000	15000000	2.9920103571856304e-08
chr_8	15000000	16000000	2.151552094772957e-08
chr_8	16000000	17000000	2.7246342230711695e-08
chr_8	17000000	18000000	3.069137775980098e-08
chr_8	18000000	19000000	2.2951743822845333e-08
chr_8	19000000	20000000	1.8013754755928538e-08
chr_8	20000000	21000000	2.8174256867298806e-08
chr_8	21000000	22000000	4.679064584644438e-08
chr_8	22000000	23000000	2.7275137793249818e-08
chr_8	23000000	24000000	4.923392469694368e-08
chr_8	24000000	25000000	4.9784538908415675e-08
chr_8	25000000	26000000	5.1757159233530914e-08
chr_8	26000000	27000000	6.463780556753539e-08
chr_8	27000000	28000000	8.356032029626455e-08
chr_8	28000000	29000000	8.371081498531195e-08
chr_8	29000000	30000000	4.553166874993061e-08
chr_8	30000000	31000000	1.924140836450984e-09
chr_8	31000000	32000000	4.14649009958437e-08
chr_8	32000000	33000000	6.912273315162305e-08
chr_8	33000000	34000000	8.607715192374381e-08
chr_8	34000000	35000000	1.0554996325495042e-07
chr_8	35000000	35969026	1.6530190605034058e-07
chr_9	210	1000000	1.3233475406558058e-08
chr_9	1000000	2000000	6.083658795446247e-08
chr_9	2000000	3000000	7.565198218946704e-08
chr_9	3000000	4000000	5.241894165468241e-08
chr_9	4000000	5000000	9.384163435825856e-08
chr_9	5000000	6000000	9.974387544091377e-08
chr_9	6000000	7000000	6.408019369571072e-08
chr_9	7000000	8000000	5.685990227477427e-08
chr_9	8000000	9000000	4.5915869553982993e-08
chr_9	9000000	10000000	4.957301703563833e-08
chr_9	10000000	11000000	1.98586428411121e-08
chr_9	11000000	12000000	3.077309935883567e-08
chr_9	12000000	13000000	5.3108527456061585e-08
chr_9	13000000	14000000	3.215682862361455e-08
chr_9	14000000	15000000	1.674178785439744e-08
chr_9	15000000	16000000	2.9947220493001294e-08
chr_9	16000000	17000000	1.6387569044837625e-08
chr_9	17000000	18000000	1.1547382170909502e-08
chr_9	18000000	19000000	1.2593723077959433e-08
chr_9	19000000	20000000	1.5460377462765084e-08
chr_9	20000000	21000000	1.6680189124858647e-08
chr_9	21000000	22000000	1.3866601470770655e-08
chr_9	22000000	23000000	2.271327501800198e-08
chr_9	23000000	24000000	2.31166425923973e-08
chr_9	24000000	25000000	6.556502273868418e-08
chr_9	25000000	26000000	9.632764637101029e-08
chr_9	26000000	27000000	7.298244895059995e-08
chr_9	27000000	28000000	3.465519212955697e-07
chr_9	28000000	29000000	2.2441008141878038e-07
chr_9	29000000	30000000	1.657867666377303e-07
chr_9	30000000	31000000	1.3466785274546628e-07
chr_9	31000000	31649621	5.469269433154027e-08
chr_W	6841	1000000	1.5517732234183866e-10
chr_W	1000000	2000000	3.365145803395748e-11
chr_W	2000000	3000000	1.4520392085578478e-11
chr_W	3000000	4000000	1.6747486176121202e-11
chr_W	4000000	5000000	1.1811921772113288e-11
chr_W	5000000	6000000	3.167004565546002e-11
chr_W	6000000	7000000	7.468176146213731e-09
chr_W	7000000	8000000	2.4644519283886603e-09
chr_W	8000000	9000000	1.3350726462995732e-11
chr_W	9000000	10000000	7.967366354733875e-12
chr_W	10000000	11000000	1.598725493623169e-11
chr_W	11000000	12000000	9.469014278872613e-11
chr_W	12000000	13000000	3.160634876148513e-11
chr_W	13000000	14000000	2.7903472206685063e-11
chr_W	14000000	15000000	4.146581534200055e-11
chr_W	15000000	16000000	3.598184746368998e-11
chr_W	16000000	17000000	2.1476195060887143e-11
chr_W	17000000	18000000	5.4549577408743684e-11
chr_W	18000000	19000000	2.0383665415444038e-11
chr_W	19000000	20000000	9.242051913103557e-10
chr_W	20000000	21000000	3.1818716626954994e-11
chr_W	21000000	21533104	2.464761525822127e-11
chr_Z	84	1000000	4.4094506242809896e-08
chr_Z	1000000	2000000	8.336522176793929e-08
chr_Z	2000000	3000000	6.637693113497186e-09
chr_Z	3000000	4000000	2.843791720259717e-08
chr_Z	4000000	5000000	4.0734561505561226e-08
chr_Z	5000000	6000000	5.4541512502922e-08
chr_Z	6000000	7000000	5.384734033544615e-08
chr_Z	7000000	8000000	4.1648747514694654e-08
chr_Z	8000000	9000000	3.2680278083972836e-08
chr_Z	9000000	10000000	2.188199079348085e-08
chr_Z	10000000	11000000	1.733007206370167e-08
chr_Z	11000000	12000000	2.7183073685411334e-08
chr_Z	12000000	13000000	1.1189777501846682e-08
chr_Z	13000000	14000000	6.8798433639859375e-09
chr_Z	14000000	15000000	7.111303834364181e-09
chr_Z	15000000	16000000	5.387624680907935e-09
chr_Z	16000000	17000000	2.0875160717174597e-09
chr_Z	17000000	18000000	3.7147751829801426e-09
chr_Z	18000000	19000000	5.424970916651866e-09
chr_Z	19000000	20000000	3.87516396494187e-09
chr_Z	20000000	21000000	3.3237274927294047e-09
chr_Z	21000000	22000000	1.955074278400402e-09
chr_Z	22000000	23000000	1.0915058207585216e-09
chr_Z	23000000	24000000	4.5018117734394505e-10
chr_Z	24000000	25000000	2.450621048848869e-10
chr_Z	25000000	26000000	5.77349617999055e-10
chr_Z	26000000	27000000	5.376862169402606e-10
chr_Z	27000000	28000000	8.123514932509069e-10
chr_Z	28000000	29000000	7.416703455527661e-10
chr_Z	29000000	30000000	6.994918476607578e-10
chr_Z	30000000	31000000	6.898616357860363e-10
chr_Z	31000000	32000000	4.881883707118265e-10
chr_Z	32000000	33000000	5.266954137881875e-10
chr_Z	33000000	34000000	8.370653761756426e-10
chr_Z	34000000	35000000	6.786656648295635e-10
chr_Z	35000000	36000000	2.6479013252467484e-10
chr_Z	36000000	37000000	8.048139900604236e-10
chr_Z	37000000	38000000	6.506080988671767e-10
chr_Z	38000000	39000000	7.763969026417389e-10
chr_Z	39000000	40000000	7.54993002792473e-10
chr_Z	40000000	41000000	8.145705846372993e-10
chr_Z	41000000	42000000	6.220448752066116e-10
chr_Z	42000000	43000000	5.641271225758658e-10
chr_Z	43000000	44000000	4.5049996878250653e-10
chr_Z	44000000	45000000	5.441998703351086e-10
chr_Z	45000000	46000000	8.332110235906461e-10
chr_Z	46000000	47000000	9.543956581966793e-10
chr_Z	47000000	48000000	5.846809117251091e-10
chr_Z	48000000	49000000	8.287137336886315e-10
chr_Z	49000000	50000000	1.0370890933012107e-09
chr_Z	50000000	51000000	7.564591561894204e-10
chr_Z	51000000	52000000	8.523351079346147e-10
chr_Z	52000000	53000000	8.660596531786626e-10
chr_Z	53000000	54000000	1.0546105902191086e-09
chr_Z	54000000	55000000	1.324715213059762e-09
chr_Z	55000000	56000000	8.128722190063641e-10
chr_Z	56000000	57000000	7.676663602324803e-10
chr_Z	57000000	58000000	5.090054899758543e-10
chr_Z	58000000	59000000	4.0948705640325216e-10
chr_Z	59000000	60000000	5.512202701169726e-10
chr_Z	60000000	61000000	5.365853460039596e-10
chr_Z	61000000	62000000	6.14466015717697e-10
chr_Z	62000000	63000000	6.741567724971501e-10
chr_Z	63000000	64000000	3.4119551551522955e-10
chr_Z	64000000	65000000	5.293237199891525e-10
chr_Z	65000000	66000000	1.0413919875171157e-09
chr_Z	66000000	67000000	1.614129328327511e-09
chr_Z	67000000	68000000	2.0904110002490504e-09
chr_Z	68000000	69000000	1.91119051525426e-09
chr_Z	69000000	70000000	1.5973824478220116e-09
chr_Z	70000000	71000000	2.5191108258970156e-09
chr_Z	71000000	72000000	1.3415916271135242e-09
chr_Z	72000000	73000000	1.8974507052493677e-09
chr_Z	73000000	74000000	1.9015618600405974e-09
chr_Z	74000000	75000000	1.187499566534591e-09
chr_Z	75000000	76000000	2.052505809377957e-09
chr_Z	76000000	77000000	3.9812419053379946e-09
chr_Z	77000000	78000000	2.6490588002777854e-09
chr_Z	78000000	79000000	6.1742743370836436e-09
chr_Z	79000000	80000000	9.534933258601821e-09
chr_Z	80000000	81000000	1.1591041337265702e-08
chr_Z	81000000	82000000	1.1119052742828364e-08
chr_Z	82000000	83000000	1.1792851454827188e-08
chr_Z	83000000	84000000	1.8676105154177435e-08
chr_Z	84000000	85000000	1.8890291977440025e-08
chr_Z	85000000	86000000	3.110477953672486e-08
chr_Z	86000000	87000000	5.0749641459199056e-08
chr_Z	87000000	88000000	1.450114429894283e-07
chr_Z	88000000	88575348	2.558509908006976e-07
