chr_10	181	500000	3.303400460241278e-08
chr_10	500000	1000000	2.3270840135283152e-07
chr_10	1000000	1500000	3.476190422209328e-07
chr_10	1500000	2000000	2.2659583829009406e-07
chr_10	2000000	2500000	1.8440364647028805e-07
chr_10	2500000	3000000	1.8337438717695157e-07
chr_10	3000000	3500000	2.1097435012641667e-07
chr_10	3500000	4000000	1.4769814926134854e-07
chr_10	4000000	4500000	1.2368428046608104e-07
chr_10	4500000	5000000	1.369015847716343e-07
chr_10	5000000	5500000	1.2692516952792145e-07
chr_10	5500000	6000000	1.651772350833634e-07
chr_10	6000000	6500000	1.1773506703705825e-07
chr_10	6500000	7000000	7.497208419707223e-08
chr_10	7000000	7500000	6.446459012079629e-08
chr_10	7500000	8000000	5.907680889259377e-08
chr_10	8000000	8500000	3.4343756217546345e-08
chr_10	8500000	9000000	2.353270523925657e-08
chr_10	9000000	9500000	1.2642775466387469e-08
chr_10	9500000	10000000	1.682404637702382e-08
chr_10	10000000	10500000	1.8545442983045958e-08
chr_10	10500000	11000000	9.60945180103285e-09
chr_10	11000000	11500000	4.3757900107816225e-09
chr_10	11500000	12000000	3.121531535114785e-10
chr_10	12000000	12500000	1.2788222900525444e-09
chr_10	12500000	13000000	9.373354120823792e-10
chr_10	13000000	13500000	4.145378699139864e-10
chr_10	13500000	14000000	3.21621796606042e-09
chr_10	14000000	14500000	1.905886101070099e-08
chr_10	14500000	15000000	1.8754422215958795e-08
chr_10	15000000	15500000	2.4449038906642062e-08
chr_10	15500000	16000000	2.6088253562130712e-08
chr_10	16000000	16500000	3.163555391500403e-08
chr_10	16500000	17000000	3.0866967481770047e-08
chr_10	17000000	17500000	4.7069453357975266e-08
chr_10	17500000	18000000	5.0290845415450725e-08
chr_10	18000000	18500000	4.511053052990654e-08
chr_10	18500000	19000000	2.52566433269994e-08
chr_10	19000000	19500000	1.6533674552691476e-08
chr_10	19500000	20000000	4.544945622232772e-08
chr_10	20000000	20500000	8.00398832662162e-08
chr_10	20500000	21000000	9.293296063353464e-08
chr_10	21000000	21500000	6.53084241288349e-08
chr_10	21500000	22000000	1.0908184990317027e-07
chr_10	22000000	22500000	1.0073435907064549e-07
chr_10	22500000	23000000	1.0526182975795534e-07
chr_10	23000000	23500000	1.3497103275131336e-07
chr_10	23500000	24000000	1.0192687445327735e-07
chr_10	24000000	24500000	9.775278936227852e-08
chr_10	24500000	25000000	1.8167484016886385e-07
chr_10	25000000	25500000	1.257319637364225e-07
chr_10	25500000	26000000	1.4783718885046194e-07
chr_10	26000000	26388182	3.8650706110553164e-08
chr_11	4260	500000	2.2623692375014e-08
chr_11	500000	1000000	3.788291123171275e-07
chr_11	1000000	1500000	2.4776733820696046e-07
chr_11	1500000	2000000	2.9064823798117457e-07
chr_11	2000000	2500000	2.2916773829829476e-07
chr_11	2500000	3000000	1.6506315798681182e-07
chr_11	3000000	3500000	2.0816650439943958e-07
chr_11	3500000	4000000	1.5905054959943226e-07
chr_11	4000000	4500000	8.592021914384201e-08
chr_11	4500000	5000000	6.504485027852206e-08
chr_11	5000000	5500000	1.0033412146427839e-07
chr_11	5500000	6000000	1.2745146226136179e-07
chr_11	6000000	6500000	1.5956005900117334e-07
chr_11	6500000	7000000	1.350086779179753e-07
chr_11	7000000	7500000	8.066175569296502e-08
chr_11	7500000	8000000	8.486412768412692e-08
chr_11	8000000	8500000	9.173014785339261e-08
chr_11	8500000	9000000	7.700795029980918e-08
chr_11	9000000	9500000	3.9318129491521685e-08
chr_11	9500000	10000000	4.97537517859403e-08
chr_11	10000000	10500000	6.986344431013504e-08
chr_11	10500000	11000000	5.4475515763432005e-08
chr_11	11000000	11500000	4.539352436275029e-08
chr_11	11500000	12000000	5.0968713838902486e-08
chr_11	12000000	12500000	4.389088984397403e-08
chr_11	12500000	13000000	3.5306997051851614e-08
chr_11	13000000	13500000	4.247440612253914e-08
chr_11	13500000	14000000	4.26775316443214e-08
chr_11	14000000	14500000	3.7789186049376894e-08
chr_11	14500000	15000000	3.399405214444053e-08
chr_11	15000000	15500000	4.881602848629184e-08
chr_11	15500000	16000000	6.076829714682601e-08
chr_11	16000000	16500000	7.962952457437855e-08
chr_11	16500000	17000000	5.645139925712858e-08
chr_11	17000000	17500000	6.823898482833499e-08
chr_11	17500000	18000000	1.406235067053146e-07
chr_11	18000000	18500000	1.493692157667163e-07
chr_11	18500000	19000000	1.3294746974197748e-07
chr_11	19000000	19500000	3.3943663395259274e-08
chr_11	19500000	20000000	7.136948896184755e-08
chr_11	20000000	20500000	6.917355523491069e-08
chr_11	20500000	21000000	5.6445563151246876e-08
chr_11	21000000	21500000	5.20887228877634e-08
chr_11	21500000	22000000	1.0911318802031701e-08
chr_11	22000000	22336587	1.2180221041915458e-09
chr_12	135	500000	3.591954922057811e-08
chr_12	500000	1000000	3.058280692254513e-07
chr_12	1000000	1500000	3.553618812205046e-07
chr_12	1500000	2000000	3.549661725415818e-07
chr_12	2000000	2500000	3.690814475479096e-07
chr_12	2500000	3000000	2.49990661064142e-07
chr_12	3000000	3500000	1.917790265456941e-07
chr_12	3500000	4000000	1.9948584646004206e-07
chr_12	4000000	4500000	1.2931530646966372e-07
chr_12	4500000	5000000	9.81414443263895e-08
chr_12	5000000	5500000	7.792129001538365e-08
chr_12	5500000	6000000	8.792305943337262e-08
chr_12	6000000	6500000	8.816683273778213e-08
chr_12	6500000	7000000	7.924057873346692e-08
chr_12	7000000	7500000	3.010445233892563e-08
chr_12	7500000	8000000	3.81471199751079e-08
chr_12	8000000	8500000	3.45215338394413e-08
chr_12	8500000	9000000	4.760998645017943e-08
chr_12	9000000	9500000	4.816587485210468e-08
chr_12	9500000	10000000	2.796912120993777e-08
chr_12	10000000	10500000	4.578371086244252e-08
chr_12	10500000	11000000	4.0166103173388915e-08
chr_12	11000000	11500000	3.519090219089389e-08
chr_12	11500000	12000000	3.510138898284253e-08
chr_12	12000000	12500000	3.974490647883634e-08
chr_12	12500000	13000000	3.398142828139432e-08
chr_12	13000000	13500000	2.3763111999838132e-08
chr_12	13500000	14000000	1.7245412836254002e-08
chr_12	14000000	14500000	7.440957603028839e-09
chr_12	14500000	15000000	5.044087820476472e-09
chr_12	15000000	15500000	3.270669532163614e-09
chr_12	15500000	16000000	8.769592348823503e-09
chr_12	16000000	16500000	2.0889949383995694e-08
chr_12	16500000	17000000	1.8037031962255045e-08
chr_12	17000000	17500000	9.863354555853228e-09
chr_12	17500000	18000000	2.873375946369262e-08
chr_12	18000000	18500000	2.8872282126060554e-08
chr_12	18500000	19000000	3.445867184500761e-08
chr_12	19000000	19500000	1.7483253105833904e-08
chr_12	19500000	20000000	4.221136185761774e-08
chr_12	20000000	20500000	2.5145831882768342e-08
chr_12	20500000	21000000	2.4359741263026095e-08
chr_12	21000000	21500000	1.5612662418543987e-08
chr_12	21500000	22000000	7.834130852922442e-10
chr_12	22000000	22248248	7.098771501288965e-23
chr_13	3735	500000	2.6372639099776618e-08
chr_13	500000	1000000	3.0131641838849333e-07
chr_13	1000000	1500000	4.395884637013603e-07
chr_13	1500000	2000000	3.300120284955609e-07
chr_13	2000000	2500000	1.8266938089903257e-07
chr_13	2500000	3000000	9.20045298611062e-08
chr_13	3000000	3500000	1.054649896847682e-07
chr_13	3500000	4000000	9.522583565849057e-08
chr_13	4000000	4500000	5.595963204550624e-08
chr_13	4500000	5000000	3.777253335849419e-08
chr_13	5000000	5500000	3.3174206352835064e-08
chr_13	5500000	6000000	5.319514614503698e-08
chr_13	6000000	6500000	7.222997842797047e-08
chr_13	6500000	7000000	6.802607696632837e-08
chr_13	7000000	7500000	6.129860140011619e-08
chr_13	7500000	8000000	4.358569228342621e-08
chr_13	8000000	8500000	5.358093550115498e-08
chr_13	8500000	9000000	4.733431490460307e-08
chr_13	9000000	9500000	4.497463729283189e-08
chr_13	9500000	10000000	2.9321516748448835e-08
chr_13	10000000	10500000	1.855215353870663e-08
chr_13	10500000	11000000	1.2073730057352673e-08
chr_13	11000000	11500000	3.187921857150308e-08
chr_13	11500000	12000000	3.451011945887124e-08
chr_13	12000000	12500000	4.807273823837479e-08
chr_13	12500000	13000000	2.4124477525107075e-08
chr_13	13000000	13500000	2.512156657865392e-08
chr_13	13500000	14000000	2.0297656938424755e-08
chr_13	14000000	14500000	3.436415649479152e-08
chr_13	14500000	15000000	3.6314088997998774e-08
chr_13	15000000	15500000	2.9768638187712636e-08
chr_13	15500000	16000000	5.0869077239240974e-08
chr_13	16000000	16500000	8.351261735515869e-08
chr_13	16500000	17000000	6.996773557778439e-08
chr_13	17000000	17500000	8.511058629064477e-08
chr_13	17500000	18000000	1.0935780270061783e-07
chr_13	18000000	18500000	1.9065698610402535e-07
chr_13	18500000	19000000	1.94269894387856e-07
chr_13	19000000	19500000	9.155317020110381e-08
chr_13	19500000	20000000	3.3642182411949295e-08
chr_13	20000000	20500000	3.12488541214658e-09
chr_13	20500000	20604763	3.0761502658695374e-09
chr_14	264	500000	2.8125826348478518e-09
chr_14	500000	1000000	2.6014111154315704e-08
chr_14	1000000	1500000	7.639768262383491e-08
chr_14	1500000	2000000	1.14277612432639e-07
chr_14	2000000	2500000	7.446316832839098e-08
chr_14	2500000	3000000	4.121409315738783e-08
chr_14	3000000	3500000	1.244526850658237e-07
chr_14	3500000	4000000	1.2844871387122736e-07
chr_14	4000000	4500000	1.2243682285711244e-07
chr_14	4500000	5000000	9.050715836989883e-08
chr_14	5000000	5500000	9.082388668137543e-08
chr_14	5500000	6000000	5.929625835003612e-08
chr_14	6000000	6500000	5.036242024724e-08
chr_14	6500000	7000000	4.511845758242479e-08
chr_14	7000000	7500000	2.965478309559366e-08
chr_14	7500000	8000000	3.8521877389282614e-08
chr_14	8000000	8500000	5.129243229375946e-08
chr_14	8500000	9000000	6.851712721780428e-08
chr_14	9000000	9500000	7.528305741325179e-08
chr_14	9500000	10000000	8.78976257132693e-08
chr_14	10000000	10500000	8.26587439255178e-08
chr_14	10500000	11000000	8.452776769958797e-08
chr_14	11000000	11500000	9.449538190293905e-08
chr_14	11500000	12000000	4.5922044552390075e-08
chr_14	12000000	12500000	7.575535489710944e-08
chr_14	12500000	13000000	1.1227863171138297e-07
chr_14	13000000	13500000	1.0019461011824551e-07
chr_14	13500000	14000000	1.223053572686967e-07
chr_14	14000000	14500000	8.16195673905451e-08
chr_14	14500000	15000000	1.0966805013257458e-07
chr_14	15000000	15500000	1.0636387219472832e-07
chr_14	15500000	16000000	2.2999919319951997e-07
chr_14	16000000	16500000	2.709388304610933e-07
chr_14	16500000	17000000	3.423771193430701e-07
chr_14	17000000	17500000	2.6624605388908985e-07
chr_14	17500000	18000000	1.8960212210798307e-07
chr_14	18000000	18500000	2.531155961417726e-07
chr_14	18500000	19000000	8.218969536755968e-08
chr_14	19000000	19083862	2.0244647552573678e-09
chr_15	1192	500000	1.5591709181514828e-09
chr_15	500000	1000000	6.3023361479956905e-09
chr_15	1000000	1500000	2.6554119289698608e-08
chr_15	1500000	2000000	7.844593689616221e-08
chr_15	2000000	2500000	7.495516850983813e-08
chr_15	2500000	3000000	8.027917378039385e-08
chr_15	3000000	3500000	1.0207388350181256e-07
chr_15	3500000	4000000	9.77635295623416e-08
chr_15	4000000	4500000	6.132418782937343e-08
chr_15	4500000	5000000	7.482823813281675e-08
chr_15	5000000	5500000	6.120987227163607e-08
chr_15	5500000	6000000	5.364915737411321e-08
chr_15	6000000	6500000	1.1292211338907033e-07
chr_15	6500000	7000000	1.4288261123369206e-07
chr_15	7000000	7500000	1.3633282059347153e-07
chr_15	7500000	8000000	7.90232352781663e-08
chr_15	8000000	8500000	7.578452303487165e-08
chr_15	8500000	9000000	7.053719592574735e-08
chr_15	9000000	9500000	8.973498080930078e-08
chr_15	9500000	10000000	6.057041966198193e-08
chr_15	10000000	10500000	6.482698560525496e-08
chr_15	10500000	11000000	1.1511830788868233e-07
chr_15	11000000	11500000	1.6066702845605198e-07
chr_15	11500000	12000000	1.1820281767246099e-07
chr_15	12000000	12500000	1.30010148607179e-07
chr_15	12500000	13000000	1.6168414125839297e-07
chr_15	13000000	13500000	1.5832160620487134e-07
chr_15	13500000	14000000	1.4671519739924795e-07
chr_15	14000000	14500000	1.5246237884889827e-07
chr_15	14500000	15000000	1.7523055647687435e-07
chr_15	15000000	15500000	4.551665828947506e-07
chr_15	15500000	16000000	4.947825500095283e-08
chr_15	16000000	16052595	5.283226318498007e-10
chr_16	375	500000	2.7326098093004635e-08
chr_16	500000	1000000	2.7681497415713124e-08
chr_16	1000000	1500000	5.490062263768563e-09
chr_16	1500000	2000000	1.5380137667752362e-09
chr_16	2000000	2500000	2.8852850905993722e-08
chr_16	2500000	3000000	9.335669798036621e-08
chr_16	3000000	3500000	1.0601061299564691e-07
chr_16	3500000	4000000	9.154302717074009e-08
chr_16	4000000	4500000	1.1041968925355156e-07
chr_16	4500000	5000000	9.193815360036004e-08
chr_16	5000000	5500000	1.0936408711613855e-07
chr_16	5500000	6000000	1.0422169723951773e-07
chr_16	6000000	6500000	9.232421321401083e-08
chr_16	6500000	7000000	4.79220798460815e-08
chr_16	7000000	7500000	5.120046000935893e-08
chr_16	7500000	8000000	4.4572394882207496e-08
chr_16	8000000	8500000	8.247037820855598e-08
chr_16	8500000	9000000	8.469193732441219e-08
chr_16	9000000	9500000	9.73826646859867e-08
chr_16	9500000	10000000	1.19824661703583e-07
chr_16	10000000	10500000	1.136605042035661e-07
chr_16	10500000	11000000	9.951237140899151e-08
chr_16	11000000	11500000	1.0185151873510535e-07
chr_16	11500000	12000000	1.1074044732877324e-07
chr_16	12000000	12500000	2.15372116259199e-07
chr_16	12500000	13000000	2.153365574706122e-07
chr_16	13000000	13500000	2.6571084395181595e-07
chr_16	13500000	14000000	2.8347132402477515e-07
chr_16	14000000	14500000	4.81219646870068e-07
chr_16	14500000	15000000	2.4579243831165374e-07
chr_16	15000000	15227765	5.7709966467226705e-09
chr_17	1340	500000	7.185364926647721e-09
chr_17	500000	1000000	6.371551408924379e-08
chr_17	1000000	1500000	8.118222491378277e-08
chr_17	1500000	2000000	1.3917043324643e-07
chr_17	2000000	2500000	1.0554298711504478e-07
chr_17	2500000	3000000	5.108438696336061e-08
chr_17	3000000	3500000	5.201789058640095e-08
chr_17	3500000	4000000	4.252771407015655e-08
chr_17	4000000	4500000	1.4282150824556014e-07
chr_17	4500000	5000000	8.042195946873216e-08
chr_17	5000000	5500000	7.889541671813033e-08
chr_17	5500000	6000000	5.8627983391442034e-08
chr_17	6000000	6500000	5.0933319996272644e-08
chr_17	6500000	7000000	5.64468699608784e-08
chr_17	7000000	7500000	5.8757399667803104e-08
chr_17	7500000	8000000	1.1877241313072474e-07
chr_17	8000000	8500000	1.0682790795208086e-07
chr_17	8500000	9000000	1.0558484168682889e-07
chr_17	9000000	9500000	1.2448803416141138e-07
chr_17	9500000	10000000	1.5999118276137083e-07
chr_17	10000000	10500000	1.3564865090108813e-07
chr_17	10500000	11000000	9.787709648663654e-08
chr_17	11000000	11500000	1.225107841165533e-07
chr_17	11500000	12000000	1.6765752019447054e-07
chr_17	12000000	12500000	2.8021521740114254e-07
chr_17	12500000	13000000	3.277037183901126e-07
chr_17	13000000	13500000	2.405449223567935e-07
chr_17	13500000	14000000	6.775990805030459e-08
chr_17	14000000	14181043	7.687583822886558e-10
chr_18	32	500000	6.770404403923007e-09
chr_18	500000	1000000	5.0484717882482643e-08
chr_18	1000000	1500000	6.658520648124846e-08
chr_18	1500000	2000000	7.238779381393968e-08
chr_18	2000000	2500000	9.82454053278268e-08
chr_18	2500000	3000000	1.2073598911665003e-07
chr_18	3000000	3500000	1.4688156010217782e-07
chr_18	3500000	4000000	1.6516886976325283e-07
chr_18	4000000	4500000	1.1176072714099638e-07
chr_18	4500000	5000000	1.429774166637507e-07
chr_18	5000000	5500000	7.643682178741515e-08
chr_18	5500000	6000000	1.1544440290327055e-07
chr_18	6000000	6500000	1.2747203569908436e-07
chr_18	6500000	7000000	7.23264139761708e-08
chr_18	7000000	7500000	1.0609677936408222e-07
chr_18	7500000	8000000	6.85285355538923e-08
chr_18	8000000	8500000	1.0153290206601051e-07
chr_18	8500000	9000000	1.6609218457707958e-07
chr_18	9000000	9500000	1.996869460474746e-07
chr_18	9500000	10000000	2.2680968511223417e-07
chr_18	10000000	10500000	2.0670750129004586e-07
chr_18	10500000	11000000	2.2453851486456524e-07
chr_18	11000000	11500000	2.385720431592269e-07
chr_18	11500000	11992912	1.0957582349011416e-07
chr_19	2813	500000	2.883001443952977e-09
chr_19	500000	1000000	2.2626776217403344e-08
chr_19	1000000	1500000	5.380985885348854e-08
chr_19	1500000	2000000	8.717466777152596e-08
chr_19	2000000	2500000	8.251564263959572e-08
chr_19	2500000	3000000	1.5672945295919083e-07
chr_19	3000000	3500000	2.1139307769733322e-07
chr_19	3500000	4000000	1.1227437462288746e-07
chr_19	4000000	4500000	1.6674743484569886e-07
chr_19	4500000	5000000	1.5787541345052888e-07
chr_19	5000000	5500000	9.550103984015397e-08
chr_19	5500000	6000000	5.834831799782218e-08
chr_19	6000000	6500000	1.2698422489028185e-07
chr_19	6500000	7000000	1.5536779418917283e-07
chr_19	7000000	7500000	1.4342339032295266e-07
chr_19	7500000	8000000	2.4040844275972797e-07
chr_19	8000000	8500000	2.4063105936939724e-07
chr_19	8500000	9000000	1.6669744670375757e-07
chr_19	9000000	9500000	3.498365648641254e-07
chr_19	9500000	10000000	1.7594703315704067e-07
chr_19	10000000	10500000	1.9293270536842184e-07
chr_19	10500000	11000000	1.269565064924601e-07
chr_19	11000000	11398909	1.2975023163206215e-08
chr_1	9535	500000	1.224309371126888e-07
chr_1	500000	1000000	3.944476885752332e-07
chr_1	1000000	1500000	4.647428776758509e-07
chr_1	1500000	2000000	2.4311082527565034e-07
chr_1	2000000	2500000	2.0717135919919505e-07
chr_1	2500000	3000000	1.798813113006794e-07
chr_1	3000000	3500000	1.1013301740618387e-07
chr_1	3500000	4000000	1.646242495786933e-07
chr_1	4000000	4500000	1.385247954692384e-07
chr_1	4500000	5000000	1.293457009922815e-07
chr_1	5000000	5500000	7.329972072783249e-08
chr_1	5500000	6000000	7.432980183077198e-08
chr_1	6000000	6500000	9.67359537521064e-08
chr_1	6500000	7000000	1.1076070342769533e-07
chr_1	7000000	7500000	1.0911395275829564e-07
chr_1	7500000	8000000	1.0788428679747595e-07
chr_1	8000000	8500000	6.118584183771692e-08
chr_1	8500000	9000000	4.767615488875433e-08
chr_1	9000000	9500000	6.289168512691277e-08
chr_1	9500000	10000000	4.5584419681191074e-08
chr_1	10000000	10500000	4.926184839544072e-08
chr_1	10500000	11000000	3.98203258283301e-08
chr_1	11000000	11500000	2.408577933189761e-08
chr_1	11500000	12000000	2.4085659249537205e-08
chr_1	12000000	12500000	2.1060627457358652e-08
chr_1	12500000	13000000	2.303348434320178e-08
chr_1	13000000	13500000	2.6434194081844346e-08
chr_1	13500000	14000000	2.3756789569644693e-08
chr_1	14000000	14500000	1.8750285646914105e-08
chr_1	14500000	15000000	2.9486742981905793e-08
chr_1	15000000	15500000	2.1808680043056684e-08
chr_1	15500000	16000000	2.2635396968575976e-08
chr_1	16000000	16500000	1.0194695460055478e-08
chr_1	16500000	17000000	1.5529051122372497e-08
chr_1	17000000	17500000	1.7710338176772844e-08
chr_1	17500000	18000000	3.087825591342135e-08
chr_1	18000000	18500000	2.6393098003045955e-08
chr_1	18500000	19000000	2.2253259980109917e-08
chr_1	19000000	19500000	1.6347009083749797e-08
chr_1	19500000	20000000	2.0082835241913323e-08
chr_1	20000000	20500000	1.1601025348096081e-08
chr_1	20500000	21000000	1.3673305262225463e-08
chr_1	21000000	21500000	8.879521300565502e-09
chr_1	21500000	22000000	2.0645499026605048e-08
chr_1	22000000	22500000	2.044285482575359e-08
chr_1	22500000	23000000	2.719914287815869e-08
chr_1	23000000	23500000	2.1579901075932507e-08
chr_1	23500000	24000000	2.2225548574955295e-08
chr_1	24000000	24500000	2.5274434818653063e-08
chr_1	24500000	25000000	2.0740312999509574e-08
chr_1	25000000	25500000	1.9496009125037218e-08
chr_1	25500000	26000000	1.4029182897115232e-08
chr_1	26000000	26500000	9.891822913302934e-09
chr_1	26500000	27000000	8.839928029965761e-09
chr_1	27000000	27500000	1.726397939214603e-08
chr_1	27500000	28000000	2.2899695688171394e-08
chr_1	28000000	28500000	1.3176615031402852e-08
chr_1	28500000	29000000	8.084234550770301e-09
chr_1	29000000	29500000	9.015564505261993e-09
chr_1	29500000	30000000	2.111807931339637e-08
chr_1	30000000	30500000	2.1300154892567395e-08
chr_1	30500000	31000000	1.928095530052884e-08
chr_1	31000000	31500000	1.9672730227302046e-08
chr_1	31500000	32000000	1.6940627082065356e-08
chr_1	32000000	32500000	3.102464813615659e-08
chr_1	32500000	33000000	2.079993221891909e-08
chr_1	33000000	33500000	4.0974441209396165e-08
chr_1	33500000	34000000	3.8026249117336744e-08
chr_1	34000000	34500000	3.097728839638872e-08
chr_1	34500000	35000000	2.6845141559001943e-08
chr_1	35000000	35500000	2.690637138279679e-08
chr_1	35500000	36000000	2.8724748003732202e-08
chr_1	36000000	36500000	1.4347663418300354e-08
chr_1	36500000	37000000	1.542954136127541e-08
chr_1	37000000	37500000	1.9042265231505372e-08
chr_1	37500000	38000000	2.313090615546376e-08
chr_1	38000000	38500000	3.0310617173380914e-08
chr_1	38500000	39000000	2.734561566636641e-08
chr_1	39000000	39500000	2.400261123453437e-08
chr_1	39500000	40000000	3.5540637690844096e-08
chr_1	40000000	40500000	4.299307540497031e-08
chr_1	40500000	41000000	5.457385438388152e-08
chr_1	41000000	41500000	3.228689443898002e-08
chr_1	41500000	42000000	2.999104665377017e-08
chr_1	42000000	42500000	1.841674959143146e-08
chr_1	42500000	43000000	2.5801405154218465e-08
chr_1	43000000	43500000	2.04360053238356e-08
chr_1	43500000	44000000	1.9341606134719656e-08
chr_1	44000000	44500000	2.416802349091925e-08
chr_1	44500000	45000000	1.8674464930795742e-08
chr_1	45000000	45500000	2.0333640644963133e-08
chr_1	45500000	46000000	1.8300435909408673e-08
chr_1	46000000	46500000	1.6872306133705896e-08
chr_1	46500000	47000000	1.814639082579718e-08
chr_1	47000000	47500000	2.2515450928173547e-08
chr_1	47500000	48000000	1.695194375272163e-08
chr_1	48000000	48500000	7.101747079731631e-09
chr_1	48500000	49000000	8.382107002763349e-09
chr_1	49000000	49500000	1.7183689739790202e-08
chr_1	49500000	50000000	2.08499309573079e-08
chr_1	50000000	50500000	1.7802419598275495e-08
chr_1	50500000	51000000	7.957530873828742e-09
chr_1	51000000	51500000	1.003592870850881e-08
chr_1	51500000	52000000	1.6651142170680048e-08
chr_1	52000000	52500000	2.423812518660761e-08
chr_1	52500000	53000000	1.7578100818648525e-08
chr_1	53000000	53500000	1.2632098267683102e-08
chr_1	53500000	54000000	8.815298141576155e-09
chr_1	54000000	54500000	4.5752942165320225e-09
chr_1	54500000	55000000	6.277644618199814e-09
chr_1	55000000	55500000	4.956657804658577e-09
chr_1	55500000	56000000	1.8756997466282153e-09
chr_1	56000000	56500000	7.218895490270497e-10
chr_1	56500000	57000000	3.471375387573112e-10
chr_1	57000000	57500000	2.2177429765273372e-10
chr_1	57500000	58000000	4.1814930215393115e-10
chr_1	58000000	58500000	4.8398929957330935e-09
chr_1	58500000	59000000	4.491348251142019e-09
chr_1	59000000	59500000	6.4159787294734635e-09
chr_1	59500000	60000000	7.200841406298504e-09
chr_1	60000000	60500000	1.1962408239330725e-08
chr_1	60500000	61000000	1.9204903622619344e-08
chr_1	61000000	61500000	4.283049525358257e-08
chr_1	61500000	62000000	3.8012367097551273e-08
chr_1	62000000	62500000	1.7897434186523614e-08
chr_1	62500000	63000000	3.206899246559112e-08
chr_1	63000000	63500000	4.118996174057956e-08
chr_1	63500000	64000000	3.647765533880399e-08
chr_1	64000000	64500000	3.361436301499919e-08
chr_1	64500000	65000000	2.16688744924773e-08
chr_1	65000000	65500000	3.2709154750567106e-08
chr_1	65500000	66000000	1.9195990353540622e-08
chr_1	66000000	66500000	1.761263568769825e-08
chr_1	66500000	67000000	2.8690150287334754e-08
chr_1	67000000	67500000	4.054060535979584e-08
chr_1	67500000	68000000	2.694475770298548e-08
chr_1	68000000	68500000	2.6048299120573054e-08
chr_1	68500000	69000000	2.1130191906511805e-08
chr_1	69000000	69500000	2.5174093407716246e-08
chr_1	69500000	70000000	2.2026171034744378e-08
chr_1	70000000	70500000	2.3857828868581653e-08
chr_1	70500000	71000000	1.9019959579333483e-08
chr_1	71000000	71500000	1.708354646748238e-08
chr_1	71500000	72000000	7.488042434946157e-09
chr_1	72000000	72500000	4.826207404531176e-09
chr_1	72500000	73000000	3.777469100878795e-09
chr_1	73000000	73500000	3.7015639355084704e-09
chr_1	73500000	74000000	2.8778667296656187e-09
chr_1	74000000	74500000	2.149685144710564e-09
chr_1	74500000	75000000	3.4258564667293587e-09
chr_1	75000000	75500000	5.0788929694097436e-09
chr_1	75500000	76000000	5.1639231949279356e-09
chr_1	76000000	76500000	4.164971956080009e-09
chr_1	76500000	77000000	5.889059595162689e-09
chr_1	77000000	77500000	5.017182959733346e-09
chr_1	77500000	78000000	1.253790119265592e-08
chr_1	78000000	78500000	2.15917983643877e-08
chr_1	78500000	79000000	2.2091391548368936e-08
chr_1	79000000	79500000	9.326723495596608e-09
chr_1	79500000	80000000	1.2324130750490671e-08
chr_1	80000000	80500000	1.8977445617510178e-08
chr_1	80500000	81000000	2.0887613143771085e-08
chr_1	81000000	81500000	1.817808525225021e-08
chr_1	81500000	82000000	2.1657045031815376e-08
chr_1	82000000	82500000	1.4843196739637975e-08
chr_1	82500000	83000000	1.1596080861279584e-08
chr_1	83000000	83500000	1.3134610171035667e-08
chr_1	83500000	84000000	1.249653803476346e-08
chr_1	84000000	84500000	5.415289799383003e-09
chr_1	84500000	85000000	4.990179866448341e-09
chr_1	85000000	85500000	6.2850302541589055e-09
chr_1	85500000	86000000	1.0965673017064458e-08
chr_1	86000000	86500000	2.2005700838332803e-08
chr_1	86500000	87000000	2.3284537886216358e-08
chr_1	87000000	87500000	1.9076775980054724e-08
chr_1	87500000	88000000	2.0740671663840928e-08
chr_1	88000000	88500000	2.0350855656465597e-08
chr_1	88500000	89000000	2.0714039360987087e-08
chr_1	89000000	89500000	1.1268842916259103e-08
chr_1	89500000	90000000	1.1971426132660371e-08
chr_1	90000000	90500000	1.3184838645831955e-08
chr_1	90500000	91000000	2.1863600699802486e-08
chr_1	91000000	91500000	2.533196822748617e-08
chr_1	91500000	92000000	2.354827567142369e-08
chr_1	92000000	92500000	2.5229865849784155e-08
chr_1	92500000	93000000	2.8163801961741977e-08
chr_1	93000000	93500000	2.999076120829545e-08
chr_1	93500000	94000000	2.6521146641410366e-08
chr_1	94000000	94500000	2.562897128272264e-08
chr_1	94500000	95000000	2.9136357904957158e-08
chr_1	95000000	95500000	8.840487699510764e-09
chr_1	95500000	96000000	6.885334580342908e-09
chr_1	96000000	96500000	1.0836180999389031e-08
chr_1	96500000	97000000	1.266455620264291e-08
chr_1	97000000	97500000	1.1134214578779966e-08
chr_1	97500000	98000000	9.087871828255574e-09
chr_1	98000000	98500000	7.430133897314179e-09
chr_1	98500000	99000000	6.532247839182365e-09
chr_1	99000000	99500000	1.686724690441143e-08
chr_1	99500000	100000000	2.615588570282872e-08
chr_1	100000000	100500000	2.750306494357983e-08
chr_1	100500000	101000000	2.0757500900365142e-08
chr_1	101000000	101500000	2.8054194524622856e-08
chr_1	101500000	102000000	3.657508028959469e-08
chr_1	102000000	102500000	3.20012374163531e-08
chr_1	102500000	103000000	2.746342832433592e-08
chr_1	103000000	103500000	2.5112466628408486e-08
chr_1	103500000	104000000	3.20779947324304e-08
chr_1	104000000	104500000	1.815503428159587e-08
chr_1	104500000	105000000	2.2467025406339334e-08
chr_1	105000000	105500000	2.3692586499407608e-08
chr_1	105500000	106000000	2.9224566776820258e-08
chr_1	106000000	106500000	2.0491665374736622e-08
chr_1	106500000	107000000	1.6318260286824693e-08
chr_1	107000000	107500000	2.913415356688747e-08
chr_1	107500000	108000000	2.066539153757548e-08
chr_1	108000000	108500000	1.0788386647948217e-08
chr_1	108500000	109000000	2.0701992188335397e-08
chr_1	109000000	109500000	3.0737875401253235e-08
chr_1	109500000	110000000	2.7927137010109603e-08
chr_1	110000000	110500000	3.061508845424403e-08
chr_1	110500000	111000000	3.764572187863869e-08
chr_1	111000000	111500000	2.3584929361965226e-08
chr_1	111500000	112000000	1.5289952254317167e-08
chr_1	112000000	112500000	1.4513360332520501e-08
chr_1	112500000	113000000	1.9695052863264605e-08
chr_1	113000000	113500000	2.2778545383867433e-08
chr_1	113500000	114000000	2.2313119925798178e-08
chr_1	114000000	114500000	2.484850669669944e-08
chr_1	114500000	115000000	2.7409561533424254e-08
chr_1	115000000	115500000	1.6020712369127928e-08
chr_1	115500000	116000000	2.191493453683398e-08
chr_1	116000000	116500000	2.0529221510017717e-08
chr_1	116500000	117000000	2.7760953932733237e-08
chr_1	117000000	117500000	2.622273548863005e-08
chr_1	117500000	118000000	2.170165001264581e-08
chr_1	118000000	118500000	2.2515425491674346e-08
chr_1	118500000	119000000	1.8110996476789487e-08
chr_1	119000000	119500000	1.8939171061373297e-08
chr_1	119500000	120000000	2.561189194207819e-08
chr_1	120000000	120500000	2.5649365719656527e-08
chr_1	120500000	121000000	1.7501844992640637e-08
chr_1	121000000	121500000	1.9093144253242166e-08
chr_1	121500000	122000000	1.577981466282341e-08
chr_1	122000000	122500000	7.043498641130243e-09
chr_1	122500000	123000000	7.787988471239653e-09
chr_1	123000000	123500000	1.127185922889893e-08
chr_1	123500000	124000000	2.3927860221806403e-08
chr_1	124000000	124500000	2.6492896043702745e-08
chr_1	124500000	125000000	1.6505520277796795e-08
chr_1	125000000	125500000	9.000397752300571e-09
chr_1	125500000	126000000	1.1865678075409572e-08
chr_1	126000000	126500000	1.9461471957367816e-08
chr_1	126500000	127000000	7.209714597559667e-09
chr_1	127000000	127500000	1.3830602212799085e-08
chr_1	127500000	128000000	2.1737658507064686e-08
chr_1	128000000	128500000	1.8792112334219716e-08
chr_1	128500000	129000000	1.4805459999656952e-08
chr_1	129000000	129500000	1.5673450659654018e-08
chr_1	129500000	130000000	2.037472878888894e-08
chr_1	130000000	130500000	1.779893990971651e-08
chr_1	130500000	131000000	2.6736953413572884e-08
chr_1	131000000	131500000	2.3738349932111818e-08
chr_1	131500000	132000000	1.8915817349066056e-08
chr_1	132000000	132500000	1.8801274313854095e-08
chr_1	132500000	133000000	1.7630635111972426e-08
chr_1	133000000	133500000	1.1121520117821242e-08
chr_1	133500000	134000000	8.289510540171459e-09
chr_1	134000000	134500000	1.0823064262377186e-08
chr_1	134500000	135000000	6.883972359990255e-09
chr_1	135000000	135500000	1.4019279557207624e-08
chr_1	135500000	136000000	8.798925869147493e-09
chr_1	136000000	136500000	2.6201677684070386e-09
chr_1	136500000	137000000	4.097951576857756e-09
chr_1	137000000	137500000	5.384347992798282e-09
chr_1	137500000	138000000	5.247439832981354e-09
chr_1	138000000	138500000	5.840379231671967e-09
chr_1	138500000	139000000	8.623283947233803e-09
chr_1	139000000	139500000	1.5224339133545216e-08
chr_1	139500000	140000000	1.165841518653877e-08
chr_1	140000000	140500000	1.88910949022126e-08
chr_1	140500000	141000000	1.4598012528963668e-08
chr_1	141000000	141500000	1.4709846573212002e-08
chr_1	141500000	142000000	1.2175337558648445e-08
chr_1	142000000	142500000	1.3317719454062067e-08
chr_1	142500000	143000000	1.0503783926417507e-08
chr_1	143000000	143500000	1.1056216108674376e-08
chr_1	143500000	144000000	1.6607598643763367e-08
chr_1	144000000	144500000	1.4878608150384299e-08
chr_1	144500000	145000000	1.5155694192545622e-08
chr_1	145000000	145500000	1.680234723053764e-08
chr_1	145500000	146000000	1.2066678352913185e-08
chr_1	146000000	146500000	8.398341089020196e-09
chr_1	146500000	147000000	9.732098199708413e-09
chr_1	147000000	147500000	1.2488477511850387e-08
chr_1	147500000	148000000	1.7334036752150755e-08
chr_1	148000000	148500000	2.323002794820286e-08
chr_1	148500000	149000000	3.490357333281111e-08
chr_1	149000000	149500000	2.7866387342946743e-08
chr_1	149500000	150000000	3.16579506747622e-08
chr_1	150000000	150500000	5.013459666402791e-08
chr_1	150500000	151000000	8.916249731958024e-08
chr_1	151000000	151500000	1.1331633639750414e-07
chr_1	151500000	152000000	1.495576972545795e-07
chr_1	152000000	152500000	1.9556390268102559e-07
chr_1	152500000	153000000	1.542779341877485e-07
chr_1	153000000	153191966	2.4578335879615546e-08
chr_20	184	500000	9.50814985914433e-10
chr_20	500000	1000000	4.0730949920889995e-08
chr_20	1000000	1500000	1.0191921763024223e-07
chr_20	1500000	2000000	1.403959160275161e-07
chr_20	2000000	2500000	1.4702341181379849e-07
chr_20	2500000	3000000	7.982200896394962e-08
chr_20	3000000	3500000	9.499064608692655e-08
chr_20	3500000	4000000	1.0334404180087526e-07
chr_20	4000000	4500000	1.2093399314461543e-07
chr_20	4500000	5000000	1.666206949618083e-07
chr_20	5000000	5500000	1.746639006386316e-07
chr_20	5500000	6000000	1.925713231416108e-07
chr_20	6000000	6500000	1.2263047109847615e-07
chr_20	6500000	7000000	1.3794044110571176e-07
chr_20	7000000	7500000	7.47709281093388e-08
chr_20	7500000	8000000	8.875307407631022e-08
chr_20	8000000	8500000	2.427567762129461e-07
chr_20	8500000	9000000	3.229429508918029e-07
chr_20	9000000	9500000	2.952591601592686e-07
chr_20	9500000	10000000	3.001775213358954e-07
chr_20	10000000	10500000	2.550327058864208e-07
chr_20	10500000	11000000	1.1851421289463495e-07
chr_20	11000000	11247146	1.2833936380682195e-08
chr_21	5500	500000	3.503382861108255e-08
chr_21	500000	1000000	2.504645488111022e-07
chr_21	1000000	1500000	3.230399133813055e-07
chr_21	1500000	2000000	1.6867827861876405e-07
chr_21	2000000	2500000	1.4258987988602615e-07
chr_21	2500000	3000000	1.8362145275661334e-07
chr_21	3000000	3500000	2.358209573457428e-07
chr_21	3500000	4000000	1.4385993150322943e-07
chr_21	4000000	4500000	7.521921556658021e-08
chr_21	4500000	5000000	9.188075921665906e-08
chr_21	5000000	5500000	1.196800070443923e-07
chr_21	5500000	6000000	1.0971324046448987e-07
chr_21	6000000	6500000	8.87823890007223e-08
chr_21	6500000	7000000	9.655243118378519e-08
chr_21	7000000	7500000	8.623863468527589e-08
chr_21	7500000	8000000	1.3582452369720913e-07
chr_21	8000000	8500000	1.3012577944586623e-07
chr_21	8500000	9000000	9.748810021059854e-08
chr_21	9000000	9500000	6.421719052353639e-08
chr_21	9500000	10000000	7.17082371612578e-09
chr_21	10000000	10057877	1.6886874890593882e-09
chr_22	4874	500000	5.59065592802629e-07
chr_22	500000	1000000	2.0845261409212624e-07
chr_22	1000000	1500000	2.7891275448447975e-07
chr_22	1500000	2000000	3.4939424716173653e-07
chr_22	2000000	2500000	1.511732031608967e-07
chr_22	2500000	3000000	1.6788446779681792e-07
chr_22	3000000	3500000	1.4164959623741512e-07
chr_22	3500000	4000000	1.5453843215004165e-07
chr_22	4000000	4500000	1.0640769510460171e-07
chr_22	4500000	5000000	8.085712064442859e-08
chr_22	5000000	5500000	1.6574184943501535e-07
chr_22	5500000	6000000	1.7134939456731615e-07
chr_22	6000000	6500000	2.2036138564834993e-07
chr_22	6500000	7000000	9.379347246644666e-08
chr_22	7000000	7500000	9.702395784925749e-09
chr_22	7500000	7556613	3.7157851736834653e-09
chr_23	182	500000	1.3204865860422895e-08
chr_23	500000	1000000	8.377381527082343e-08
chr_23	1000000	1500000	1.1505005483190363e-07
chr_23	1500000	2000000	1.8315878471255349e-07
chr_23	2000000	2500000	2.1650453998174815e-07
chr_23	2500000	3000000	9.692113641982828e-08
chr_23	3000000	3500000	2.2142884595986278e-07
chr_23	3500000	4000000	2.91493444621962e-07
chr_23	4000000	4500000	2.448163000899032e-07
chr_23	4500000	5000000	3.9823800286098866e-07
chr_23	5000000	5500000	3.21894009547532e-07
chr_23	5500000	6000000	3.1945859902545226e-07
chr_23	6000000	6500000	2.4395222550278445e-07
chr_23	6500000	7000000	2.0836653212674937e-07
chr_23	7000000	7468006	1.7923891004668638e-08
chr_24	22400	500000	6.960269130276642e-08
chr_24	500000	1000000	1.916363760228863e-07
chr_24	1000000	1500000	2.6218031341560387e-07
chr_24	1500000	2000000	2.6688012157624226e-07
chr_24	2000000	2500000	2.94261009210678e-07
chr_24	2500000	3000000	1.757881193254207e-07
chr_24	3000000	3500000	1.9113865824308771e-07
chr_24	3500000	4000000	2.0721346200031676e-07
chr_24	4000000	4500000	1.4919855962196298e-07
chr_24	4500000	5000000	2.168306551562516e-07
chr_24	5000000	5500000	1.4055128285282328e-07
chr_24	5500000	6000000	1.692810404049289e-07
chr_24	6000000	6500000	7.801892914686684e-08
chr_24	6500000	6880078	5.2887351743146095e-09
chr_25	849	500000	9.647557074107769e-08
chr_25	500000	1000000	1.5553111271449858e-07
chr_25	1000000	1500000	2.482471220024211e-07
chr_25	1500000	2000000	4.5051247180565824e-07
chr_25	2000000	2500000	2.6499210220722803e-07
chr_25	2500000	3000000	3.161428776047135e-07
chr_25	3000000	3500000	2.2193772114682036e-07
chr_25	3500000	4000000	1.5059866869006083e-07
chr_25	4000000	4500000	1.206122723389827e-07
chr_25	4500000	5000000	1.705256879300096e-07
chr_25	5000000	5500000	1.010259993978654e-07
chr_25	5500000	6000000	4.6226922149707114e-08
chr_25	6000000	6500000	2.3219212900679596e-08
chr_25	6500000	6774984	9.577310337431774e-10
chr_26	12259	500000	6.2360335970279636e-09
chr_26	500000	1000000	4.695356302529612e-08
chr_26	1000000	1500000	1.565149616300555e-07
chr_26	1500000	2000000	1.645053977713168e-07
chr_26	2000000	2500000	1.7453504787914302e-07
chr_26	2500000	3000000	1.3577648308945448e-07
chr_26	3000000	3500000	1.9937770158061073e-07
chr_26	3500000	4000000	3.3796670388721037e-07
chr_26	4000000	4500000	2.3909730378178206e-07
chr_26	4500000	5000000	6.314255444030045e-08
chr_26	5000000	5057788	1.6780560731595892e-09
chr_27	847	500000	5.934136921845178e-08
chr_27	500000	1000000	4.938413310371593e-07
chr_27	1000000	1500000	1.6283205368097295e-07
chr_27	1500000	2000000	1.8362293786040398e-07
chr_27	2000000	2500000	1.3413292188013254e-07
chr_27	2500000	3000000	2.3237086972613446e-08
chr_27	3000000	3500000	1.3775129940087227e-07
chr_27	3500000	4000000	1.4251496798138086e-07
chr_27	4000000	4500000	8.712575289513523e-08
chr_27	4500000	5000000	1.5650971787816348e-08
chr_27	5000000	5000985	2.6800359535189384e-10
chr_28	1583	500000	1.345165009267891e-07
chr_28	500000	1000000	4.2341915957518803e-07
chr_28	1000000	1500000	2.802955672526934e-07
chr_28	1500000	2000000	3.5673326203212454e-07
chr_28	2000000	2500000	4.452954076115143e-07
chr_28	2500000	3000000	3.640258775092897e-07
chr_28	3000000	3500000	3.0074026788260324e-07
chr_28	3500000	4000000	3.126881763918032e-07
chr_28	4000000	4500000	1.8420192809163877e-07
chr_28	4500000	4651627	7.310141264246218e-09
chr_29	529	500000	2.3907087429986997e-07
chr_29	500000	1000000	1.696286925144169e-07
chr_29	1000000	1500000	7.134150658005323e-08
chr_29	1500000	2000000	2.8563430418123815e-07
chr_29	2000000	2201282	5.067473938800884e-07
chr_2	28	500000	2.555051567739235e-07
chr_2	500000	1000000	3.4113528451312016e-07
chr_2	1000000	1500000	1.9761752193415235e-07
chr_2	1500000	2000000	1.790031548807482e-07
chr_2	2000000	2500000	1.9259256506423397e-07
chr_2	2500000	3000000	6.622543738260344e-08
chr_2	3000000	3500000	8.156280855669256e-08
chr_2	3500000	4000000	1.6300291665942588e-07
chr_2	4000000	4500000	1.1169205735354971e-07
chr_2	4500000	5000000	8.310499885200304e-08
chr_2	5000000	5500000	6.973930772297784e-08
chr_2	5500000	6000000	8.439528788207322e-08
chr_2	6000000	6500000	1.048851083024933e-07
chr_2	6500000	7000000	5.605453992971048e-08
chr_2	7000000	7500000	7.134043152989224e-08
chr_2	7500000	8000000	5.019450081128882e-08
chr_2	8000000	8500000	5.407500851171105e-08
chr_2	8500000	9000000	7.639056069247061e-08
chr_2	9000000	9500000	1.0128923778520285e-07
chr_2	9500000	10000000	9.102379365064439e-08
chr_2	10000000	10500000	1.2366879611730583e-07
chr_2	10500000	11000000	9.106566462386273e-08
chr_2	11000000	11500000	9.429262229203294e-08
chr_2	11500000	12000000	7.496700489347502e-08
chr_2	12000000	12500000	6.987933614926379e-08
chr_2	12500000	13000000	5.243793374079842e-08
chr_2	13000000	13500000	4.1196000413912894e-08
chr_2	13500000	14000000	2.6708386054000254e-08
chr_2	14000000	14500000	4.5877902589042736e-08
chr_2	14500000	15000000	3.618167492748574e-08
chr_2	15000000	15500000	3.698681542671149e-08
chr_2	15500000	16000000	3.818083147409307e-08
chr_2	16000000	16500000	3.635105883338105e-08
chr_2	16500000	17000000	2.4211067799908086e-08
chr_2	17000000	17500000	9.60035178642061e-09
chr_2	17500000	18000000	3.236766336080452e-09
chr_2	18000000	18500000	7.862966157270121e-10
chr_2	18500000	19000000	5.648677051905433e-10
chr_2	19000000	19500000	1.4818066573216552e-10
chr_2	19500000	20000000	4.2663316898050084e-10
chr_2	20000000	20500000	5.173552272971799e-09
chr_2	20500000	21000000	8.14184561282225e-09
chr_2	21000000	21500000	8.589350224426929e-09
chr_2	21500000	22000000	7.471748581175593e-09
chr_2	22000000	22500000	1.732685180223279e-08
chr_2	22500000	23000000	2.477348777329891e-08
chr_2	23000000	23500000	3.6125795481555025e-08
chr_2	23500000	24000000	2.7493246471249856e-08
chr_2	24000000	24500000	2.544897689649429e-08
chr_2	24500000	25000000	3.4055683546283204e-08
chr_2	25000000	25500000	4.0451695277522427e-08
chr_2	25500000	26000000	2.3214578978473215e-08
chr_2	26000000	26500000	3.0117400089165364e-08
chr_2	26500000	27000000	2.6078613847977406e-08
chr_2	27000000	27500000	2.1049206746660683e-08
chr_2	27500000	28000000	2.6759765869329502e-08
chr_2	28000000	28500000	2.7767008314250536e-08
chr_2	28500000	29000000	2.3952236431153975e-08
chr_2	29000000	29500000	2.7257727356588818e-08
chr_2	29500000	30000000	2.1905189313309514e-08
chr_2	30000000	30500000	1.2803364892381926e-08
chr_2	30500000	31000000	1.3164514988612926e-08
chr_2	31000000	31500000	1.9271963597665733e-08
chr_2	31500000	32000000	2.1331198363753883e-08
chr_2	32000000	32500000	3.174559686108205e-08
chr_2	32500000	33000000	4.184243441599208e-08
chr_2	33000000	33500000	3.141694677049924e-08
chr_2	33500000	34000000	1.6774864265412145e-08
chr_2	34000000	34500000	1.1474339532558476e-08
chr_2	34500000	35000000	1.7281850678447362e-08
chr_2	35000000	35500000	1.856052425363836e-08
chr_2	35500000	36000000	1.0650895936167035e-08
chr_2	36000000	36500000	1.658729336671272e-08
chr_2	36500000	37000000	3.206261976526899e-08
chr_2	37000000	37500000	1.418477258195717e-08
chr_2	37500000	38000000	9.482923249501e-09
chr_2	38000000	38500000	9.483365302899953e-09
chr_2	38500000	39000000	2.0833626476553726e-08
chr_2	39000000	39500000	1.8508603113285495e-08
chr_2	39500000	40000000	1.7398027039067744e-08
chr_2	40000000	40500000	1.501319599109085e-08
chr_2	40500000	41000000	2.421551731918488e-08
chr_2	41000000	41500000	2.2702214112279997e-08
chr_2	41500000	42000000	2.5559639258741655e-08
chr_2	42000000	42500000	2.3984626915804723e-08
chr_2	42500000	43000000	1.6278448841882255e-08
chr_2	43000000	43500000	2.1557130323930483e-08
chr_2	43500000	44000000	1.870014341866866e-08
chr_2	44000000	44500000	1.8631270338581995e-08
chr_2	44500000	45000000	2.0595496986463457e-08
chr_2	45000000	45500000	2.469952729504652e-08
chr_2	45500000	46000000	2.45025629432858e-08
chr_2	46000000	46500000	1.9464135792804152e-08
chr_2	46500000	47000000	2.2523447946840864e-08
chr_2	47000000	47500000	2.437547344903808e-08
chr_2	47500000	48000000	1.6887267069259886e-08
chr_2	48000000	48500000	1.4248018171688432e-08
chr_2	48500000	49000000	9.02621191032132e-09
chr_2	49000000	49500000	1.7424130497329535e-08
chr_2	49500000	50000000	1.889417388599279e-08
chr_2	50000000	50500000	1.8916437343462505e-08
chr_2	50500000	51000000	1.697059630838935e-08
chr_2	51000000	51500000	1.8638738053656905e-08
chr_2	51500000	52000000	1.620992448064157e-08
chr_2	52000000	52500000	1.3748653509052603e-08
chr_2	52500000	53000000	1.4342394573263938e-08
chr_2	53000000	53500000	1.893475521042232e-08
chr_2	53500000	54000000	2.5982950253179894e-08
chr_2	54000000	54500000	2.7133749215428595e-08
chr_2	54500000	55000000	1.7153507439054427e-08
chr_2	55000000	55500000	1.2224111539374376e-08
chr_2	55500000	56000000	1.3714731797415025e-08
chr_2	56000000	56500000	1.1058892150296641e-08
chr_2	56500000	57000000	4.820625849265581e-09
chr_2	57000000	57500000	3.3328237016814493e-09
chr_2	57500000	58000000	3.809554830473878e-09
chr_2	58000000	58500000	4.578599718721198e-09
chr_2	58500000	59000000	4.682233359802731e-09
chr_2	59000000	59500000	7.051405268696957e-09
chr_2	59500000	60000000	4.5928453897540245e-09
chr_2	60000000	60500000	4.585637388221827e-09
chr_2	60500000	61000000	2.4924986478701594e-09
chr_2	61000000	61500000	2.291665286613324e-09
chr_2	61500000	62000000	5.765073915437822e-09
chr_2	62000000	62500000	3.2469414291995612e-09
chr_2	62500000	63000000	4.467995892996072e-09
chr_2	63000000	63500000	6.552468556680662e-09
chr_2	63500000	64000000	8.186249818272478e-09
chr_2	64000000	64500000	1.3584080158782058e-08
chr_2	64500000	65000000	1.1250585132543753e-08
chr_2	65000000	65500000	1.8202863825973323e-08
chr_2	65500000	66000000	2.4286617238338367e-08
chr_2	66000000	66500000	1.546678707847094e-08
chr_2	66500000	67000000	1.5610527579120904e-08
chr_2	67000000	67500000	1.054256947300061e-08
chr_2	67500000	68000000	1.008313236259019e-08
chr_2	68000000	68500000	5.634259768389516e-09
chr_2	68500000	69000000	1.8381609392644917e-09
chr_2	69000000	69500000	1.9644037374084465e-09
chr_2	69500000	70000000	2.954691041334231e-09
chr_2	70000000	70500000	3.6336534212633266e-09
chr_2	70500000	71000000	3.0292580321390382e-09
chr_2	71000000	71500000	2.8060895670295685e-09
chr_2	71500000	72000000	2.9671491506576017e-09
chr_2	72000000	72500000	6.499425450361266e-09
chr_2	72500000	73000000	5.905746827102989e-09
chr_2	73000000	73500000	7.466995956659217e-09
chr_2	73500000	74000000	1.652729115237348e-08
chr_2	74000000	74500000	2.0029729001488698e-08
chr_2	74500000	75000000	2.9063517383641623e-08
chr_2	75000000	75500000	2.3140890128700168e-08
chr_2	75500000	76000000	2.1766516018874045e-08
chr_2	76000000	76500000	2.362181033787604e-08
chr_2	76500000	77000000	1.7550828195607483e-08
chr_2	77000000	77500000	1.3870372592065487e-08
chr_2	77500000	78000000	1.4651553269399669e-08
chr_2	78000000	78500000	4.90456755577253e-09
chr_2	78500000	79000000	5.054955041419864e-09
chr_2	79000000	79500000	9.701602696845547e-09
chr_2	79500000	80000000	9.142370296321467e-09
chr_2	80000000	80500000	1.3680698805774244e-08
chr_2	80500000	81000000	1.9106945598456057e-08
chr_2	81000000	81500000	1.6801041469010063e-08
chr_2	81500000	82000000	1.7958597669359564e-08
chr_2	82000000	82500000	2.6828350409229783e-08
chr_2	82500000	83000000	2.0212005256645008e-08
chr_2	83000000	83500000	2.7278784485820438e-08
chr_2	83500000	84000000	2.1442469953150752e-08
chr_2	84000000	84500000	2.1069350336253972e-08
chr_2	84500000	85000000	2.1951329479547066e-08
chr_2	85000000	85500000	2.6550180074893893e-08
chr_2	85500000	86000000	2.3845000445892552e-08
chr_2	86000000	86500000	1.745803915476495e-08
chr_2	86500000	87000000	1.1699076193621315e-08
chr_2	87000000	87500000	2.0579657955119393e-08
chr_2	87500000	88000000	2.173258767913599e-08
chr_2	88000000	88500000	2.2710208826016193e-08
chr_2	88500000	89000000	2.5437297133309847e-08
chr_2	89000000	89500000	2.9245071613075986e-08
chr_2	89500000	90000000	2.193081835018167e-08
chr_2	90000000	90500000	2.2624238199433693e-08
chr_2	90500000	91000000	2.351037494911103e-08
chr_2	91000000	91500000	2.3315362698828883e-08
chr_2	91500000	92000000	1.7308096593860344e-08
chr_2	92000000	92500000	1.5334383243212315e-08
chr_2	92500000	93000000	7.160956369568393e-09
chr_2	93000000	93500000	3.458954126687021e-09
chr_2	93500000	94000000	6.468426648071851e-09
chr_2	94000000	94500000	9.473619077003312e-09
chr_2	94500000	95000000	2.2239923644499334e-08
chr_2	95000000	95500000	2.6526780158302308e-08
chr_2	95500000	96000000	3.2401375922609684e-08
chr_2	96000000	96500000	4.409538941831515e-08
chr_2	96500000	97000000	2.6691218295081083e-08
chr_2	97000000	97500000	3.463648006721695e-08
chr_2	97500000	98000000	2.95965111172362e-08
chr_2	98000000	98500000	3.307221647098184e-08
chr_2	98500000	99000000	1.8747174643873413e-08
chr_2	99000000	99500000	2.757252565633512e-08
chr_2	99500000	100000000	3.094899108212029e-08
chr_2	100000000	100500000	4.647215786614841e-08
chr_2	100500000	101000000	2.1767739185071706e-08
chr_2	101000000	101500000	3.2096938317049064e-08
chr_2	101500000	102000000	2.7791890253775898e-08
chr_2	102000000	102500000	2.421259613590577e-08
chr_2	102500000	103000000	2.3040622913414896e-08
chr_2	103000000	103500000	2.341890843121613e-08
chr_2	103500000	104000000	2.6088376318783228e-08
chr_2	104000000	104500000	2.839956206264677e-08
chr_2	104500000	105000000	3.14478965401486e-08
chr_2	105000000	105500000	1.765747615752921e-08
chr_2	105500000	106000000	3.7833458367519594e-08
chr_2	106000000	106500000	3.919792813890407e-08
chr_2	106500000	107000000	4.596590062916287e-08
chr_2	107000000	107500000	8.311812038806972e-08
chr_2	107500000	108000000	8.607856349944507e-08
chr_2	108000000	108500000	6.687630128352995e-08
chr_2	108500000	109000000	8.89861052029674e-08
chr_2	109000000	109500000	8.396776014154326e-08
chr_2	109500000	110000000	8.364859611856098e-08
chr_2	110000000	110500000	1.1492311526475401e-07
chr_2	110500000	111000000	1.657060235120352e-07
chr_2	111000000	111500000	1.477809375885997e-07
chr_2	111500000	112000000	8.139344796807643e-08
chr_2	112000000	112500000	1.5498686186801957e-07
chr_2	112500000	113000000	1.6967998159775491e-07
chr_2	113000000	113500000	2.1538312538594092e-07
chr_2	113500000	114000000	1.6942053720032237e-07
chr_2	114000000	114500000	1.6448600077366222e-07
chr_2	114500000	115000000	2.0381529097020612e-07
chr_2	115000000	115287584	6.34670244446852e-08
chr_30	619	500000	5.0126216076447454e-09
chr_30	500000	1000000	7.357210673235484e-08
chr_30	1000000	1500000	1.0558505988857282e-07
chr_30	1500000	2000000	2.990346262229978e-07
chr_30	2000000	2016424	2.230301140741432e-07
chr_31	405	500000	1.2806555367093692e-08
chr_31	500000	559614	3.2812090244991175e-09
chr_32	1060	435829	1.4595326875865167e-09
chr_33	15	294090	1.7190326225461998e-07
chr_3	74	500000	1.0001134646363903e-07
chr_3	500000	1000000	4.784048693759442e-07
chr_3	1000000	1500000	1.6949616363080553e-07
chr_3	1500000	2000000	3.4110930056723215e-07
chr_3	2000000	2500000	1.6250076651940662e-07
chr_3	2500000	3000000	1.3714247631225804e-07
chr_3	3000000	3500000	1.192117538056384e-07
chr_3	3500000	4000000	4.595187219666587e-08
chr_3	4000000	4500000	4.884563530106828e-08
chr_3	4500000	5000000	4.1211398070280897e-08
chr_3	5000000	5500000	2.3099745882874567e-08
chr_3	5500000	6000000	2.6234348480655728e-08
chr_3	6000000	6500000	3.764389004408962e-08
chr_3	6500000	7000000	3.141728210953598e-08
chr_3	7000000	7500000	2.1363970066620934e-08
chr_3	7500000	8000000	1.3890333139560968e-08
chr_3	8000000	8500000	9.00331135583315e-09
chr_3	8500000	9000000	8.888473773105153e-09
chr_3	9000000	9500000	2.2148783919236907e-08
chr_3	9500000	10000000	1.984024045662856e-08
chr_3	10000000	10500000	1.2961216007995497e-08
chr_3	10500000	11000000	1.5270515030370035e-08
chr_3	11000000	11500000	1.3817351562016262e-08
chr_3	11500000	12000000	9.433784299674216e-09
chr_3	12000000	12500000	9.376654358628321e-09
chr_3	12500000	13000000	6.8117799886466394e-09
chr_3	13000000	13500000	1.144653109372759e-08
chr_3	13500000	14000000	1.654866158762721e-08
chr_3	14000000	14500000	7.891670824212523e-09
chr_3	14500000	15000000	1.4281679063546897e-08
chr_3	15000000	15500000	1.3696726790018857e-08
chr_3	15500000	16000000	7.70706042861106e-09
chr_3	16000000	16500000	8.463289026100163e-09
chr_3	16500000	17000000	1.5622710971614845e-08
chr_3	17000000	17500000	1.1828244455868446e-08
chr_3	17500000	18000000	1.066962039681074e-08
chr_3	18000000	18500000	8.380689161769597e-09
chr_3	18500000	19000000	7.322972530179781e-09
chr_3	19000000	19500000	6.028233940986287e-09
chr_3	19500000	20000000	1.1897958435168937e-08
chr_3	20000000	20500000	1.0288328904843589e-08
chr_3	20500000	21000000	8.135213862700683e-09
chr_3	21000000	21500000	2.768205894489831e-09
chr_3	21500000	22000000	3.311993918501594e-09
chr_3	22000000	22500000	4.287265815153954e-09
chr_3	22500000	23000000	7.57854001871556e-09
chr_3	23000000	23500000	1.1307188425139225e-08
chr_3	23500000	24000000	1.2505264962037486e-08
chr_3	24000000	24500000	8.937132727296333e-09
chr_3	24500000	25000000	1.3141870930298077e-08
chr_3	25000000	25500000	1.709922895612591e-08
chr_3	25500000	26000000	1.5984717339608533e-08
chr_3	26000000	26500000	1.169485574326728e-08
chr_3	26500000	27000000	6.5500367402203016e-09
chr_3	27000000	27500000	5.635814025765284e-09
chr_3	27500000	28000000	5.86748974675651e-09
chr_3	28000000	28500000	8.08765139346792e-09
chr_3	28500000	29000000	7.09616807595419e-09
chr_3	29000000	29500000	1.6152293493987258e-08
chr_3	29500000	30000000	1.2747508025899379e-08
chr_3	30000000	30500000	2.2526997506262096e-08
chr_3	30500000	31000000	1.8532963644674026e-08
chr_3	31000000	31500000	1.713512157125448e-08
chr_3	31500000	32000000	1.401656699102815e-08
chr_3	32000000	32500000	1.8457776638513123e-08
chr_3	32500000	33000000	1.8980965337214515e-08
chr_3	33000000	33500000	1.4322550274322272e-08
chr_3	33500000	34000000	2.790066241452454e-08
chr_3	34000000	34500000	3.36147086335751e-08
chr_3	34500000	35000000	3.277331826524127e-08
chr_3	35000000	35500000	2.4938584193884815e-08
chr_3	35500000	36000000	2.625598766128748e-08
chr_3	36000000	36500000	2.3008344518825316e-08
chr_3	36500000	37000000	1.8576160770924534e-08
chr_3	37000000	37500000	1.3638927274918127e-08
chr_3	37500000	38000000	9.038181847396658e-09
chr_3	38000000	38500000	1.1226817535391369e-08
chr_3	38500000	39000000	1.625694261701874e-08
chr_3	39000000	39500000	1.9394316455960813e-08
chr_3	39500000	40000000	1.041593773546404e-08
chr_3	40000000	40500000	1.9348040389821435e-08
chr_3	40500000	41000000	1.9661639222397776e-08
chr_3	41000000	41500000	1.1820271051255522e-08
chr_3	41500000	42000000	5.957957062734881e-09
chr_3	42000000	42500000	5.837342050091873e-09
chr_3	42500000	43000000	1.2331390650857997e-08
chr_3	43000000	43500000	2.263748879465646e-08
chr_3	43500000	44000000	1.9530441597291002e-08
chr_3	44000000	44500000	4.013815825816485e-08
chr_3	44500000	45000000	2.3203464917499347e-08
chr_3	45000000	45500000	2.3580022041137687e-08
chr_3	45500000	46000000	2.754575122758399e-08
chr_3	46000000	46500000	3.5488134825744425e-08
chr_3	46500000	47000000	2.1422852257910956e-08
chr_3	47000000	47500000	1.7829581963146596e-08
chr_3	47500000	48000000	1.3121081388580285e-08
chr_3	48000000	48500000	1.8498956373655368e-08
chr_3	48500000	49000000	2.4711178894101734e-08
chr_3	49000000	49500000	2.2812687589066337e-08
chr_3	49500000	50000000	1.9039582289839318e-08
chr_3	50000000	50500000	1.3612727848217662e-08
chr_3	50500000	51000000	1.8305414688785054e-08
chr_3	51000000	51500000	1.6174553830259555e-08
chr_3	51500000	52000000	1.3055605639587684e-08
chr_3	52000000	52500000	2.047493046998678e-08
chr_3	52500000	53000000	1.3888148420104934e-08
chr_3	53000000	53500000	2.107902005979036e-08
chr_3	53500000	54000000	1.3490690706265497e-08
chr_3	54000000	54500000	1.9815312250640963e-08
chr_3	54500000	55000000	2.0862011103890413e-08
chr_3	55000000	55500000	2.134749532677089e-08
chr_3	55500000	56000000	2.189480092590129e-08
chr_3	56000000	56500000	2.214324701690648e-08
chr_3	56500000	57000000	2.5848306832548567e-08
chr_3	57000000	57500000	2.4207964312338528e-08
chr_3	57500000	58000000	2.4691662604516792e-08
chr_3	58000000	58500000	1.189786114815268e-08
chr_3	58500000	59000000	1.673106259380818e-08
chr_3	59000000	59500000	2.2832388092279406e-08
chr_3	59500000	60000000	2.079879019907149e-08
chr_3	60000000	60500000	2.5803444510795922e-08
chr_3	60500000	61000000	3.300396341870692e-08
chr_3	61000000	61500000	2.150860671230482e-08
chr_3	61500000	62000000	2.3548894838317234e-08
chr_3	62000000	62500000	1.0237455892711989e-08
chr_3	62500000	63000000	7.624876044632886e-09
chr_3	63000000	63500000	1.8163844712256446e-08
chr_3	63500000	64000000	2.7556984344068308e-08
chr_3	64000000	64500000	1.8337882749217927e-08
chr_3	64500000	65000000	1.617917756604027e-08
chr_3	65000000	65500000	1.7013914380703076e-08
chr_3	65500000	66000000	1.0617861468518209e-08
chr_3	66000000	66500000	2.1357735657652312e-08
chr_3	66500000	67000000	2.922943620935156e-08
chr_3	67000000	67500000	1.8307693052391005e-08
chr_3	67500000	68000000	1.387634063866548e-08
chr_3	68000000	68500000	1.3893466096214963e-08
chr_3	68500000	69000000	1.1786022885928857e-08
chr_3	69000000	69500000	1.8410672027986736e-08
chr_3	69500000	70000000	1.7431738735205625e-08
chr_3	70000000	70500000	1.907971367774898e-08
chr_3	70500000	71000000	1.564227899148023e-08
chr_3	71000000	71500000	2.3172774573239075e-08
chr_3	71500000	72000000	1.624919534216688e-08
chr_3	72000000	72500000	1.8425214676766742e-08
chr_3	72500000	73000000	1.2035456554586371e-08
chr_3	73000000	73500000	1.1106275051417509e-08
chr_3	73500000	74000000	1.815925179350312e-08
chr_3	74000000	74500000	1.943120080856709e-08
chr_3	74500000	75000000	1.6659014925181416e-08
chr_3	75000000	75500000	1.07874778694781e-08
chr_3	75500000	76000000	2.2328886153189933e-08
chr_3	76000000	76500000	2.3362256949313363e-08
chr_3	76500000	77000000	4.753518122570045e-08
chr_3	77000000	77500000	2.5624572238184916e-08
chr_3	77500000	78000000	2.3741616411231255e-08
chr_3	78000000	78500000	1.80521922851965e-08
chr_3	78500000	79000000	1.921695765562584e-08
chr_3	79000000	79500000	1.4037255697254322e-08
chr_3	79500000	80000000	1.5426698953077882e-08
chr_3	80000000	80500000	2.1626715519697992e-08
chr_3	80500000	81000000	2.8495590126024934e-08
chr_3	81000000	81500000	2.1036520941883324e-08
chr_3	81500000	82000000	1.4254223799512921e-08
chr_3	82000000	82500000	1.4930659086507164e-08
chr_3	82500000	83000000	1.2790942046794375e-08
chr_3	83000000	83500000	1.7580851450671995e-08
chr_3	83500000	84000000	1.360458492398946e-08
chr_3	84000000	84500000	1.6989912263352642e-08
chr_3	84500000	85000000	1.6205593909776852e-08
chr_3	85000000	85500000	2.142084383603809e-08
chr_3	85500000	86000000	1.5888834642617058e-08
chr_3	86000000	86500000	1.8701619218758804e-08
chr_3	86500000	87000000	1.3768850223466556e-08
chr_3	87000000	87500000	1.1306408518103675e-08
chr_3	87500000	88000000	1.8138105712474836e-08
chr_3	88000000	88500000	1.6855536701871667e-08
chr_3	88500000	89000000	2.1697366372352332e-08
chr_3	89000000	89500000	2.6212004932645398e-08
chr_3	89500000	90000000	2.839353262203799e-08
chr_3	90000000	90500000	2.4713170784644837e-08
chr_3	90500000	91000000	1.9895650698164868e-08
chr_3	91000000	91500000	1.6941228629732375e-08
chr_3	91500000	92000000	2.289046665893314e-08
chr_3	92000000	92500000	1.6204302893790838e-08
chr_3	92500000	93000000	1.732925018551162e-08
chr_3	93000000	93500000	1.3615898566251335e-08
chr_3	93500000	94000000	1.8837152461381858e-08
chr_3	94000000	94500000	2.220618543087073e-08
chr_3	94500000	95000000	2.341849972534426e-08
chr_3	95000000	95500000	3.2774143492183776e-08
chr_3	95500000	96000000	3.213923247752407e-08
chr_3	96000000	96500000	3.280402093109674e-08
chr_3	96500000	97000000	2.9398728145940187e-08
chr_3	97000000	97500000	3.602107602395406e-08
chr_3	97500000	98000000	4.6560436606545505e-08
chr_3	98000000	98500000	5.350427307146996e-08
chr_3	98500000	99000000	3.609161719184071e-08
chr_3	99000000	99500000	3.4201263145711376e-08
chr_3	99500000	100000000	3.179476795660936e-08
chr_3	100000000	100500000	3.430153467118592e-08
chr_3	100500000	101000000	4.588253618965759e-08
chr_3	101000000	101500000	5.889878351293479e-08
chr_3	101500000	102000000	7.991180037801709e-08
chr_3	102000000	102500000	6.798811873100655e-08
chr_3	102500000	103000000	4.291541880770684e-08
chr_3	103000000	103500000	5.17855707122062e-08
chr_3	103500000	104000000	7.211375408422804e-08
chr_3	104000000	104500000	6.649309186891394e-08
chr_3	104500000	105000000	6.860886787162146e-08
chr_3	105000000	105500000	8.089891073070136e-08
chr_3	105500000	106000000	1.0451681436058696e-07
chr_3	106000000	106500000	8.763325102621256e-08
chr_3	106500000	107000000	8.57726242130092e-08
chr_3	107000000	107500000	9.04287377011224e-08
chr_3	107500000	108000000	1.2654629540197268e-07
chr_3	108000000	108500000	1.0821431393641266e-07
chr_3	108500000	109000000	1.3816946463282452e-07
chr_3	109000000	109500000	1.2937983133801147e-07
chr_3	109500000	110000000	1.4109398597127874e-07
chr_3	110000000	110500000	1.5592282755924024e-07
chr_3	110500000	111000000	1.5598166390616733e-07
chr_3	111000000	111500000	1.1763817049005813e-07
chr_3	111500000	112000000	1.0939650505839996e-07
chr_3	112000000	112500000	6.637235932299778e-08
chr_3	112500000	113000000	2.2745733263201878e-08
chr_3	113000000	113356214	2.6965636842600673e-09
chr_4	752	500000	7.778449706558597e-08
chr_4	500000	1000000	2.5248442724052084e-07
chr_4	1000000	1500000	2.8524099983331673e-07
chr_4	1500000	2000000	1.686572698922689e-07
chr_4	2000000	2500000	2.169346251344906e-07
chr_4	2500000	3000000	2.429146045660175e-07
chr_4	3000000	3500000	1.9293867725170542e-07
chr_4	3500000	4000000	6.918248733832155e-08
chr_4	4000000	4500000	8.814274602912712e-08
chr_4	4500000	5000000	1.3028824123923123e-07
chr_4	5000000	5500000	1.4835981671443495e-07
chr_4	5500000	6000000	2.1282049853467968e-07
chr_4	6000000	6500000	2.0879706413538774e-07
chr_4	6500000	7000000	9.93450105930835e-08
chr_4	7000000	7500000	7.22836798272333e-08
chr_4	7500000	8000000	6.65298362981e-08
chr_4	8000000	8500000	5.667623008944519e-08
chr_4	8500000	9000000	7.557859971552381e-08
chr_4	9000000	9500000	7.934158003942763e-08
chr_4	9500000	10000000	4.648746088307813e-08
chr_4	10000000	10500000	3.642503190372615e-08
chr_4	10500000	11000000	4.656446292719947e-08
chr_4	11000000	11500000	3.382720897887817e-08
chr_4	11500000	12000000	2.443148490809202e-08
chr_4	12000000	12500000	1.9783303530676643e-08
chr_4	12500000	13000000	2.3971510572931852e-08
chr_4	13000000	13500000	1.6537267341163692e-08
chr_4	13500000	14000000	1.7845914136640843e-08
chr_4	14000000	14500000	2.2083598366427163e-08
chr_4	14500000	15000000	2.7018408284607704e-08
chr_4	15000000	15500000	4.504256332791615e-08
chr_4	15500000	16000000	3.9296155324484336e-08
chr_4	16000000	16500000	3.185537282802765e-08
chr_4	16500000	17000000	2.788416015531389e-08
chr_4	17000000	17500000	2.4772777522002362e-08
chr_4	17500000	18000000	3.736278929250757e-08
chr_4	18000000	18500000	4.728906230185062e-08
chr_4	18500000	19000000	4.464550487343877e-08
chr_4	19000000	19500000	5.2041680578464556e-08
chr_4	19500000	20000000	2.9759032386903377e-08
chr_4	20000000	20500000	2.1743319543015128e-08
chr_4	20500000	21000000	1.9318395648733255e-08
chr_4	21000000	21500000	2.0666729967105504e-08
chr_4	21500000	22000000	2.1778579943215822e-08
chr_4	22000000	22500000	1.6698393016337583e-08
chr_4	22500000	23000000	1.9461450292918723e-08
chr_4	23000000	23500000	1.8518326481790837e-08
chr_4	23500000	24000000	3.2799749291608124e-08
chr_4	24000000	24500000	1.763812626518312e-08
chr_4	24500000	25000000	1.310059504975616e-08
chr_4	25000000	25500000	1.771582677291912e-08
chr_4	25500000	26000000	1.4459264020724767e-08
chr_4	26000000	26500000	2.0323657322500976e-08
chr_4	26500000	27000000	1.840634464737744e-08
chr_4	27000000	27500000	1.8643682629658928e-08
chr_4	27500000	28000000	2.42988420875738e-08
chr_4	28000000	28500000	1.2609222928337294e-08
chr_4	28500000	29000000	1.1960238674732328e-08
chr_4	29000000	29500000	1.690653784008624e-08
chr_4	29500000	30000000	2.0362058216152577e-08
chr_4	30000000	30500000	2.6076989182750186e-08
chr_4	30500000	31000000	2.131949652814308e-08
chr_4	31000000	31500000	1.690608225790735e-08
chr_4	31500000	32000000	3.3366554419962655e-08
chr_4	32000000	32500000	1.086811450664217e-08
chr_4	32500000	33000000	3.5342109646415687e-08
chr_4	33000000	33500000	3.6865531158129835e-08
chr_4	33500000	34000000	1.5087740149425154e-08
chr_4	34000000	34500000	2.205445039099181e-08
chr_4	34500000	35000000	1.7195108017493213e-08
chr_4	35000000	35500000	8.824774971998673e-09
chr_4	35500000	36000000	6.372881470642299e-09
chr_4	36000000	36500000	1.2239794839929768e-08
chr_4	36500000	37000000	1.3461609051614127e-08
chr_4	37000000	37500000	2.0489519006710614e-08
chr_4	37500000	38000000	1.659422908903085e-08
chr_4	38000000	38500000	8.94459774480857e-09
chr_4	38500000	39000000	8.169531154053678e-09
chr_4	39000000	39500000	1.0343887104853497e-08
chr_4	39500000	40000000	1.2656085640238327e-08
chr_4	40000000	40500000	1.1332419268096453e-08
chr_4	40500000	41000000	8.711613184864725e-09
chr_4	41000000	41500000	1.0158516000764306e-08
chr_4	41500000	42000000	1.6575892145732503e-08
chr_4	42000000	42500000	1.2999526945431216e-08
chr_4	42500000	43000000	1.1266174129698122e-08
chr_4	43000000	43500000	1.1567352443623142e-08
chr_4	43500000	44000000	1.4473605147799743e-08
chr_4	44000000	44500000	1.395034661363728e-08
chr_4	44500000	45000000	1.1502662126727515e-08
chr_4	45000000	45500000	1.1218122030933252e-08
chr_4	45500000	46000000	1.9268446411364708e-08
chr_4	46000000	46500000	1.0768516303503542e-08
chr_4	46500000	47000000	1.663799993862971e-08
chr_4	47000000	47500000	1.8952883752232457e-08
chr_4	47500000	48000000	1.3772900571385184e-08
chr_4	48000000	48500000	1.2937217906309024e-08
chr_4	48500000	49000000	1.1591563871572306e-08
chr_4	49000000	49500000	1.3320216845871695e-08
chr_4	49500000	50000000	1.253941477885129e-08
chr_4	50000000	50500000	1.2784344057652483e-08
chr_4	50500000	51000000	1.2069116758624855e-08
chr_4	51000000	51500000	1.930553643240055e-08
chr_4	51500000	52000000	3.757034707569892e-08
chr_4	52000000	52500000	3.7870090327599134e-08
chr_4	52500000	53000000	3.352348757165416e-08
chr_4	53000000	53500000	5.256655107376137e-08
chr_4	53500000	54000000	6.558662042318581e-08
chr_4	54000000	54500000	4.173836169901074e-08
chr_4	54500000	55000000	3.05838862564828e-08
chr_4	55000000	55500000	3.078365661075077e-08
chr_4	55500000	56000000	4.69533484220106e-08
chr_4	56000000	56500000	4.042842549913162e-08
chr_4	56500000	57000000	6.570019310787694e-08
chr_4	57000000	57500000	5.422856815078964e-08
chr_4	57500000	58000000	5.2178149585013334e-08
chr_4	58000000	58500000	5.59583728876852e-08
chr_4	58500000	59000000	6.846824658804141e-08
chr_4	59000000	59500000	1.0158580762212122e-07
chr_4	59500000	60000000	6.169589826957436e-08
chr_4	60000000	60500000	6.737913423927907e-08
chr_4	60500000	61000000	6.232959940317567e-08
chr_4	61000000	61500000	4.8243744788517724e-08
chr_4	61500000	62000000	8.453120378118498e-08
chr_4	62000000	62500000	9.305147311605634e-08
chr_4	62500000	63000000	4.64996484676053e-08
chr_4	63000000	63500000	7.244645514386682e-08
chr_4	63500000	64000000	6.312351470288159e-08
chr_4	64000000	64500000	4.204313236257769e-08
chr_4	64500000	65000000	5.4162259156967314e-08
chr_4	65000000	65500000	6.415468563602284e-08
chr_4	65500000	66000000	8.543410325966545e-08
chr_4	66000000	66500000	1.0678991867014119e-07
chr_4	66500000	67000000	1.5619544012941892e-07
chr_4	67000000	67500000	1.1375555731510856e-07
chr_4	67500000	68000000	8.822698108269895e-08
chr_4	68000000	68500000	6.889951519383374e-08
chr_4	68500000	69000000	4.439773059797986e-08
chr_4	69000000	69500000	1.4103760115732637e-08
chr_4	69500000	70000000	6.42876686474744e-09
chr_4	70000000	70500000	4.8090101953686656e-08
chr_4	70500000	71000000	1.1068493976503089e-07
chr_4	71000000	71500000	1.446682315858624e-07
chr_4	71500000	72000000	1.1248349180034972e-07
chr_4	72000000	72500000	1.3611306748148437e-07
chr_4	72500000	72977953	1.2687412608438048e-07
chr_5	28	500000	1.6457627229527983e-07
chr_5	500000	1000000	2.3261819024618626e-07
chr_5	1000000	1500000	3.482320676754899e-07
chr_5	1500000	2000000	3.1774388305914803e-07
chr_5	2000000	2500000	2.0066685095198506e-07
chr_5	2500000	3000000	1.7202977476246297e-07
chr_5	3000000	3500000	1.6952104480931505e-07
chr_5	3500000	4000000	1.8285446902723e-07
chr_5	4000000	4500000	1.4275462310314108e-07
chr_5	4500000	5000000	1.3976343727407996e-07
chr_5	5000000	5500000	5.2323450536647275e-08
chr_5	5500000	6000000	5.95117512876495e-08
chr_5	6000000	6500000	3.7574673754032074e-08
chr_5	6500000	7000000	3.708579806865153e-08
chr_5	7000000	7500000	6.326046446211573e-08
chr_5	7500000	8000000	4.875568512055118e-08
chr_5	8000000	8500000	7.067873581982175e-08
chr_5	8500000	9000000	6.100216900032821e-08
chr_5	9000000	9500000	7.188070892119851e-08
chr_5	9500000	10000000	5.9424769169336114e-08
chr_5	10000000	10500000	6.931992717319925e-08
chr_5	10500000	11000000	6.227073424369407e-08
chr_5	11000000	11500000	4.3810840288031565e-08
chr_5	11500000	12000000	3.234794660580216e-08
chr_5	12000000	12500000	4.253900070252325e-08
chr_5	12500000	13000000	5.595020421871706e-08
chr_5	13000000	13500000	4.316661213372179e-08
chr_5	13500000	14000000	3.087043865131147e-08
chr_5	14000000	14500000	4.38996682321061e-08
chr_5	14500000	15000000	2.5278144952477524e-08
chr_5	15000000	15500000	2.2678532796614e-08
chr_5	15500000	16000000	2.9132099963590134e-08
chr_5	16000000	16500000	3.491160257244438e-08
chr_5	16500000	17000000	4.294326603918742e-08
chr_5	17000000	17500000	2.574782156981913e-08
chr_5	17500000	18000000	2.8420459365714538e-08
chr_5	18000000	18500000	1.3806509816674706e-08
chr_5	18500000	19000000	1.2591819188368252e-08
chr_5	19000000	19500000	1.3728583391198163e-08
chr_5	19500000	20000000	3.227210673268806e-08
chr_5	20000000	20500000	4.0801486339059274e-08
chr_5	20500000	21000000	4.4933624276237624e-08
chr_5	21000000	21500000	7.02524135549146e-08
chr_5	21500000	22000000	9.844332116701682e-08
chr_5	22000000	22500000	1.0451595141652705e-07
chr_5	22500000	23000000	7.162376220648655e-08
chr_5	23000000	23500000	3.5603894641963794e-08
chr_5	23500000	24000000	2.5562862928492957e-08
chr_5	24000000	24500000	2.7376567626866673e-08
chr_5	24500000	25000000	2.5084317438592303e-08
chr_5	25000000	25500000	1.4063562664407675e-08
chr_5	25500000	26000000	1.998796268600461e-08
chr_5	26000000	26500000	1.4897704839708765e-08
chr_5	26500000	27000000	8.09339981945595e-09
chr_5	27000000	27500000	2.7791561340497812e-09
chr_5	27500000	28000000	6.429262287642559e-09
chr_5	28000000	28500000	1.1629366350256745e-08
chr_5	28500000	29000000	2.027395790890576e-08
chr_5	29000000	29500000	1.7767698615896172e-08
chr_5	29500000	30000000	1.8807441091390573e-08
chr_5	30000000	30500000	1.762002310702246e-08
chr_5	30500000	31000000	1.3734323790762622e-08
chr_5	31000000	31500000	1.0039707935742294e-08
chr_5	31500000	32000000	1.1148945700842929e-08
chr_5	32000000	32500000	1.5027869071994514e-08
chr_5	32500000	33000000	1.3887485542539649e-08
chr_5	33000000	33500000	1.7133188718502737e-08
chr_5	33500000	34000000	1.746467586063194e-08
chr_5	34000000	34500000	2.0490782898302956e-08
chr_5	34500000	35000000	1.564371957583275e-08
chr_5	35000000	35500000	1.3715208250907187e-08
chr_5	35500000	36000000	9.931360612308473e-09
chr_5	36000000	36500000	9.392302464873436e-09
chr_5	36500000	37000000	1.43540382460117e-08
chr_5	37000000	37500000	2.1262622589952557e-08
chr_5	37500000	38000000	2.2132341845560833e-08
chr_5	38000000	38500000	1.9363676723299125e-08
chr_5	38500000	39000000	1.4641774170135111e-08
chr_5	39000000	39500000	1.5821710199787042e-08
chr_5	39500000	40000000	1.2124075011942874e-08
chr_5	40000000	40500000	6.0778973994379526e-09
chr_5	40500000	41000000	8.935453008655352e-09
chr_5	41000000	41500000	7.87577362714706e-09
chr_5	41500000	42000000	7.35506878182891e-09
chr_5	42000000	42500000	8.377249290023263e-09
chr_5	42500000	43000000	9.427902551553311e-09
chr_5	43000000	43500000	1.3900345908301581e-08
chr_5	43500000	44000000	1.2831057780466313e-08
chr_5	44000000	44500000	9.952925526168478e-09
chr_5	44500000	45000000	1.3716684407245004e-08
chr_5	45000000	45500000	9.321810341585177e-09
chr_5	45500000	46000000	1.3493503556972558e-08
chr_5	46000000	46500000	1.1238897553637434e-08
chr_5	46500000	47000000	1.6833941897265834e-08
chr_5	47000000	47500000	2.1870460481897188e-08
chr_5	47500000	48000000	3.8659191952227405e-08
chr_5	48000000	48500000	4.266138799187693e-08
chr_5	48500000	49000000	2.7833422264132455e-08
chr_5	49000000	49500000	2.419114501269355e-08
chr_5	49500000	50000000	1.9483743059842615e-08
chr_5	50000000	50500000	2.5588252439161782e-08
chr_5	50500000	51000000	3.866065683199083e-08
chr_5	51000000	51500000	2.6692136867028492e-08
chr_5	51500000	52000000	3.628021922746619e-08
chr_5	52000000	52500000	2.889940518499829e-08
chr_5	52500000	53000000	3.001222849375612e-08
chr_5	53000000	53500000	2.9794913997239323e-08
chr_5	53500000	54000000	1.9240846091303042e-08
chr_5	54000000	54500000	2.506709637795072e-08
chr_5	54500000	55000000	3.375751358845565e-08
chr_5	55000000	55500000	3.641420940303668e-08
chr_5	55500000	56000000	2.9755083694773826e-08
chr_5	56000000	56500000	3.129647329674965e-08
chr_5	56500000	57000000	3.797728500751235e-08
chr_5	57000000	57500000	3.107062592728188e-08
chr_5	57500000	58000000	3.770457068918455e-08
chr_5	58000000	58500000	3.066085176763074e-08
chr_5	58500000	59000000	3.426533134316402e-08
chr_5	59000000	59500000	5.659954916643959e-08
chr_5	59500000	60000000	4.4822729300663616e-08
chr_5	60000000	60500000	5.078798869524961e-08
chr_5	60500000	61000000	7.000693748701834e-08
chr_5	61000000	61500000	8.054532599293813e-08
chr_5	61500000	62000000	7.26282861557021e-08
chr_5	62000000	62500000	8.757741951576241e-08
chr_5	62500000	63000000	9.313479417640638e-08
chr_5	63000000	63500000	7.840219921881962e-08
chr_5	63500000	64000000	8.406815559971821e-08
chr_5	64000000	64500000	7.858227216438504e-08
chr_5	64500000	65000000	5.429285290187851e-08
chr_5	65000000	65500000	4.687294178523024e-08
chr_5	65500000	66000000	7.83381128428176e-08
chr_5	66000000	66500000	5.8674255343001854e-08
chr_5	66500000	67000000	5.2060864741041976e-08
chr_5	67000000	67500000	2.7598974738980597e-08
chr_5	67500000	68000000	1.0430158472896324e-08
chr_5	68000000	68500000	5.28505029208453e-10
chr_5	68500000	69000000	9.20655855296619e-09
chr_5	69000000	69500000	3.649690205231665e-08
chr_5	69500000	70000000	5.190059810220541e-08
chr_5	70000000	70500000	8.442552487926402e-08
chr_5	70500000	71000000	5.991341573277911e-08
chr_5	71000000	71500000	1.9266903365157766e-07
chr_5	71500000	72000000	2.3501633454300202e-07
chr_5	72000000	72500000	2.2373757732093815e-07
chr_5	72500000	72605010	1.5968002827387405e-07
chr_6	5939	500000	1.2582409358508763e-07
chr_6	500000	1000000	3.0024583364346343e-07
chr_6	1000000	1500000	2.201193862926816e-07
chr_6	1500000	2000000	1.7198322281393267e-07
chr_6	2000000	2500000	9.182188829353414e-08
chr_6	2500000	3000000	1.0956154168865191e-07
chr_6	3000000	3500000	1.0416343650131827e-07
chr_6	3500000	4000000	9.435622333888354e-08
chr_6	4000000	4500000	9.779012454632081e-08
chr_6	4500000	5000000	4.919096198069045e-08
chr_6	5000000	5500000	1.9594273908702026e-09
chr_6	5500000	6000000	1.6999200862945743e-10
chr_6	6000000	6500000	5.308973236737969e-10
chr_6	6500000	7000000	7.225491213138876e-09
chr_6	7000000	7500000	2.8057908808945055e-08
chr_6	7500000	8000000	4.93752041337959e-08
chr_6	8000000	8500000	8.32619582266354e-08
chr_6	8500000	9000000	5.937061011746589e-08
chr_6	9000000	9500000	6.107440271693917e-08
chr_6	9500000	10000000	2.7600806439731954e-08
chr_6	10000000	10500000	2.147475562448115e-08
chr_6	10500000	11000000	5.960803492821592e-08
chr_6	11000000	11500000	6.550042782993355e-08
chr_6	11500000	12000000	6.40126288935085e-08
chr_6	12000000	12500000	7.621397488403141e-08
chr_6	12500000	13000000	6.342814775261704e-08
chr_6	13000000	13500000	5.96118611167072e-08
chr_6	13500000	14000000	4.07494831240327e-08
chr_6	14000000	14500000	3.402981552820893e-08
chr_6	14500000	15000000	4.6870567156387926e-08
chr_6	15000000	15500000	5.3278401844120306e-08
chr_6	15500000	16000000	4.960357789883399e-08
chr_6	16000000	16500000	4.019044066328573e-08
chr_6	16500000	17000000	2.2161672080298166e-08
chr_6	17000000	17500000	4.139219809810861e-08
chr_6	17500000	18000000	3.935374117788144e-08
chr_6	18000000	18500000	1.641862215547899e-08
chr_6	18500000	19000000	2.2679384951473632e-08
chr_6	19000000	19500000	2.3511510249646118e-08
chr_6	19500000	20000000	2.039174447694366e-08
chr_6	20000000	20500000	2.0288222276765654e-08
chr_6	20500000	21000000	4.4870171770433715e-08
chr_6	21000000	21500000	2.9238686839398895e-08
chr_6	21500000	22000000	2.3018863754291583e-08
chr_6	22000000	22500000	3.0314659344320234e-08
chr_6	22500000	23000000	3.29110405954547e-08
chr_6	23000000	23500000	1.6826407609497905e-08
chr_6	23500000	24000000	1.3953907536298857e-08
chr_6	24000000	24500000	1.202016700698287e-08
chr_6	24500000	25000000	2.8357921267439985e-08
chr_6	25000000	25500000	1.1665223004324234e-08
chr_6	25500000	26000000	1.4887994613550946e-08
chr_6	26000000	26500000	1.3143003869436805e-08
chr_6	26500000	27000000	1.3893206735710054e-08
chr_6	27000000	27500000	1.3039882737397564e-08
chr_6	27500000	28000000	2.3647089890281886e-08
chr_6	28000000	28500000	2.2208124652934003e-08
chr_6	28500000	29000000	1.8177283367812843e-08
chr_6	29000000	29500000	2.7608705411693586e-08
chr_6	29500000	30000000	3.7323235936284724e-08
chr_6	30000000	30500000	1.675816998417822e-08
chr_6	30500000	31000000	1.4526361896001541e-08
chr_6	31000000	31500000	9.824844244064555e-09
chr_6	31500000	32000000	1.1229008868879598e-08
chr_6	32000000	32500000	8.291205938785964e-09
chr_6	32500000	33000000	6.4106470901658154e-09
chr_6	33000000	33500000	7.317110592069855e-09
chr_6	33500000	34000000	2.167510195030831e-08
chr_6	34000000	34500000	3.1098068786286775e-08
chr_6	34500000	35000000	1.5213444642058923e-08
chr_6	35000000	35500000	1.5748967732106816e-08
chr_6	35500000	36000000	1.7644756614940866e-08
chr_6	36000000	36500000	3.3863593768271844e-08
chr_6	36500000	37000000	2.616637951713188e-08
chr_6	37000000	37500000	1.535917483901955e-08
chr_6	37500000	38000000	3.218888393166185e-08
chr_6	38000000	38500000	3.6223785729462645e-08
chr_6	38500000	39000000	3.119595782966803e-08
chr_6	39000000	39500000	4.636848270210768e-08
chr_6	39500000	40000000	3.319911787729559e-08
chr_6	40000000	40500000	4.39542762952493e-08
chr_6	40500000	41000000	3.57658561109404e-08
chr_6	41000000	41500000	2.760670449112742e-08
chr_6	41500000	42000000	4.211400936319493e-08
chr_6	42000000	42500000	3.873006414261131e-08
chr_6	42500000	43000000	2.9863330449206546e-08
chr_6	43000000	43500000	3.073543224880771e-08
chr_6	43500000	44000000	2.8060557655702313e-08
chr_6	44000000	44500000	2.562064903300451e-08
chr_6	44500000	45000000	2.6945128621257763e-08
chr_6	45000000	45500000	3.0800959389732805e-08
chr_6	45500000	46000000	2.9819056916500735e-08
chr_6	46000000	46500000	2.6199020281151595e-08
chr_6	46500000	47000000	4.321150876402366e-08
chr_6	47000000	47500000	3.552680339042469e-08
chr_6	47500000	48000000	1.807351252225005e-08
chr_6	48000000	48500000	1.884300595934027e-08
chr_6	48500000	49000000	2.9601852230051268e-08
chr_6	49000000	49500000	5.29139495177779e-08
chr_6	49500000	50000000	4.167559599819017e-08
chr_6	50000000	50500000	3.116535649698651e-08
chr_6	50500000	51000000	4.550545219991199e-08
chr_6	51000000	51500000	4.0637995239129754e-08
chr_6	51500000	52000000	4.24406497880325e-08
chr_6	52000000	52500000	3.766372530127427e-08
chr_6	52500000	53000000	3.25292475348091e-08
chr_6	53000000	53500000	1.9109116325641198e-08
chr_6	53500000	54000000	3.158472033050938e-08
chr_6	54000000	54500000	5.6331554319146074e-08
chr_6	54500000	55000000	9.880295682448849e-08
chr_6	55000000	55500000	1.2001941037287273e-07
chr_6	55500000	56000000	9.61305149215669e-08
chr_6	56000000	56500000	1.1100460230318378e-07
chr_6	56500000	57000000	1.1612279428915593e-07
chr_6	57000000	57500000	1.1183658916108853e-07
chr_6	57500000	58000000	1.0341031251226956e-07
chr_6	58000000	58500000	1.2577223931761328e-07
chr_6	58500000	59000000	1.9707998649586994e-07
chr_6	59000000	59500000	1.3127483597809091e-07
chr_6	59500000	60000000	1.8956586693753443e-07
chr_6	60000000	60500000	1.8286779205518688e-07
chr_6	60500000	61000000	1.652606165660187e-07
chr_6	61000000	61500000	1.700658734106778e-07
chr_6	61500000	62000000	2.1390777845018708e-07
chr_6	62000000	62500000	2.576071346755587e-07
chr_6	62500000	63000000	1.8207196087487815e-07
chr_6	63000000	63422872	1.4618257694554315e-07
chr_7	56	500000	3.794601127293475e-08
chr_7	500000	1000000	4.41332306970476e-08
chr_7	1000000	1500000	5.78506745829637e-08
chr_7	1500000	2000000	1.1943506954591482e-07
chr_7	2000000	2500000	1.0331718755695416e-08
chr_7	2500000	3000000	2.613622744364062e-08
chr_7	3000000	3500000	6.820330801551253e-08
chr_7	3500000	4000000	8.523852049511563e-08
chr_7	4000000	4500000	9.925109824155773e-08
chr_7	4500000	5000000	6.926092414162554e-08
chr_7	5000000	5500000	5.907184869695007e-08
chr_7	5500000	6000000	7.327786461427814e-08
chr_7	6000000	6500000	7.493867970910529e-08
chr_7	6500000	7000000	4.7103769713659224e-08
chr_7	7000000	7500000	5.01139160673205e-08
chr_7	7500000	8000000	3.855280954972365e-08
chr_7	8000000	8500000	7.3635196291929e-08
chr_7	8500000	9000000	6.3568319168095e-08
chr_7	9000000	9500000	4.135815047442944e-08
chr_7	9500000	10000000	5.355353437608731e-08
chr_7	10000000	10500000	4.989026733765422e-08
chr_7	10500000	11000000	4.9776632897006917e-08
chr_7	11000000	11500000	3.0703511475523993e-08
chr_7	11500000	12000000	1.9605926946297023e-08
chr_7	12000000	12500000	2.3286520596152242e-08
chr_7	12500000	13000000	1.606919529929043e-08
chr_7	13000000	13500000	3.201732957278886e-08
chr_7	13500000	14000000	1.888760266780793e-08
chr_7	14000000	14500000	3.0062520097870205e-08
chr_7	14500000	15000000	2.9521464281315165e-08
chr_7	15000000	15500000	3.2730336022443154e-08
chr_7	15500000	16000000	1.3846951696675314e-08
chr_7	16000000	16500000	1.5215270209997988e-08
chr_7	16500000	17000000	2.4361981017572166e-08
chr_7	17000000	17500000	1.0536719983863967e-08
chr_7	17500000	18000000	1.1305076638500427e-08
chr_7	18000000	18500000	8.869688806412522e-09
chr_7	18500000	19000000	1.6658492724558737e-08
chr_7	19000000	19500000	1.2323646334034594e-08
chr_7	19500000	20000000	1.292711020316733e-08
chr_7	20000000	20500000	9.334961652371714e-09
chr_7	20500000	21000000	6.506968240295366e-09
chr_7	21000000	21500000	8.925143110639941e-09
chr_7	21500000	22000000	1.0655340948856182e-08
chr_7	22000000	22500000	2.2330809798485365e-08
chr_7	22500000	23000000	1.9842107717397663e-08
chr_7	23000000	23500000	2.352251300256037e-08
chr_7	23500000	24000000	2.1335384140760536e-08
chr_7	24000000	24500000	2.7742489294841017e-08
chr_7	24500000	25000000	2.861139408022865e-08
chr_7	25000000	25500000	3.822939469744903e-08
chr_7	25500000	26000000	2.4369239470144947e-08
chr_7	26000000	26500000	2.061433928746932e-08
chr_7	26500000	27000000	2.5250924001482e-08
chr_7	27000000	27500000	2.869073032946783e-08
chr_7	27500000	28000000	4.421968487496446e-08
chr_7	28000000	28500000	5.8463452386866566e-08
chr_7	28500000	29000000	1.0208616767032167e-07
chr_7	29000000	29500000	6.120209491675968e-08
chr_7	29500000	30000000	5.3866611192171705e-08
chr_7	30000000	30500000	4.919569555726689e-08
chr_7	30500000	31000000	7.568558314178204e-08
chr_7	31000000	31500000	7.215202300476348e-08
chr_7	31500000	32000000	7.611149308334271e-08
chr_7	32000000	32500000	5.303614139808142e-08
chr_7	32500000	33000000	1.0429678767875973e-07
chr_7	33000000	33500000	1.1450959857714139e-07
chr_7	33500000	34000000	1.0511157195413694e-07
chr_7	34000000	34500000	1.0602819322198237e-07
chr_7	34500000	35000000	5.511664795071025e-08
chr_7	35000000	35500000	7.743250488795363e-08
chr_7	35500000	36000000	1.0059876356307161e-07
chr_7	36000000	36500000	1.8855072571957237e-07
chr_7	36500000	37000000	3.4719394770943176e-07
chr_7	37000000	37500000	3.2605903843764493e-07
chr_7	37500000	38000000	4.3631719134736467e-07
chr_7	38000000	38500000	3.0368555281035436e-07
chr_7	38500000	38852243	7.942688700249442e-08
chr_8	39	500000	1.1426902947532887e-07
chr_8	500000	1000000	2.1959937650617992e-07
chr_8	1000000	1500000	1.2913296803899166e-07
chr_8	1500000	2000000	1.2265819646681604e-07
chr_8	2000000	2500000	1.6340491654210454e-07
chr_8	2500000	3000000	2.660427506805024e-07
chr_8	3000000	3500000	1.9690967936070597e-07
chr_8	3500000	4000000	2.0064416101043146e-07
chr_8	4000000	4500000	1.1675945363197793e-07
chr_8	4500000	5000000	1.4255477497276596e-07
chr_8	5000000	5500000	1.3383566309426913e-07
chr_8	5500000	6000000	1.0116751223140724e-07
chr_8	6000000	6500000	8.195307658611632e-08
chr_8	6500000	7000000	8.993868825900808e-08
chr_8	7000000	7500000	5.058834633280429e-08
chr_8	7500000	8000000	6.074713302236794e-08
chr_8	8000000	8500000	6.775414885542427e-08
chr_8	8500000	9000000	6.035674117603464e-08
chr_8	9000000	9500000	4.4223006159515e-08
chr_8	9500000	10000000	5.724753841910132e-08
chr_8	10000000	10500000	3.591714421814846e-08
chr_8	10500000	11000000	6.244056052339566e-08
chr_8	11000000	11500000	6.366604084237701e-08
chr_8	11500000	12000000	5.8633690712455996e-08
chr_8	12000000	12500000	4.5147104266964576e-08
chr_8	12500000	13000000	3.862138428646747e-08
chr_8	13000000	13500000	4.997768525755023e-08
chr_8	13500000	14000000	2.5401488428334798e-08
chr_8	14000000	14500000	2.7551087825908555e-08
chr_8	14500000	15000000	3.2289119317803864e-08
chr_8	15000000	15500000	2.9023608462260945e-08
chr_8	15500000	16000000	1.400743343319799e-08
chr_8	16000000	16500000	2.7311936065452422e-08
chr_8	16500000	17000000	2.7180748395970942e-08
chr_8	17000000	17500000	2.6616802540753433e-08
chr_8	17500000	18000000	3.476595297884852e-08
chr_8	18000000	18500000	2.487987982698337e-08
chr_8	18500000	19000000	2.1023607818707587e-08
chr_8	19000000	19500000	1.956819386123843e-08
chr_8	19500000	20000000	1.645931565061869e-08
chr_8	20000000	20500000	2.4495131941872964e-08
chr_8	20500000	21000000	3.185338179272461e-08
chr_8	21000000	21500000	4.407661550964809e-08
chr_8	21500000	22000000	4.950467618323989e-08
chr_8	22000000	22500000	2.8627377809283643e-08
chr_8	22500000	23000000	2.592289777721606e-08
chr_8	23000000	23500000	4.46874938705798e-08
chr_8	23500000	24000000	5.378035552330704e-08
chr_8	24000000	24500000	5.900602512797609e-08
chr_8	24500000	25000000	4.056305268885495e-08
chr_8	25000000	25500000	4.6370826902008293e-08
chr_8	25500000	26000000	5.71434915650535e-08
chr_8	26000000	26500000	6.924887699130099e-08
chr_8	26500000	27000000	6.00267341437684e-08
chr_8	27000000	27500000	5.230122778984119e-08
chr_8	27500000	28000000	1.1481941280268859e-07
chr_8	28000000	28500000	8.491033011218834e-08
chr_8	28500000	29000000	8.251129985843428e-08
chr_8	29000000	29500000	6.882931483629104e-08
chr_8	29500000	30000000	2.2234022663569766e-08
chr_8	30000000	30500000	3.028856785027706e-09
chr_8	30500000	31000000	8.194248878742673e-10
chr_8	31000000	31500000	2.7119112040424018e-08
chr_8	31500000	32000000	5.58106899512625e-08
chr_8	32000000	32500000	6.760154426986524e-08
chr_8	32500000	33000000	7.064392203337952e-08
chr_8	33000000	33500000	7.763745368812252e-08
chr_8	33500000	34000000	9.451685015936407e-08
chr_8	34000000	34500000	1.272792951829197e-07
chr_8	34500000	35000000	8.382063132698118e-08
chr_8	35000000	35500000	2.1506551586808372e-07
chr_8	35500000	35969026	1.1225195805412571e-07
chr_9	210	500000	1.5545579706154316e-09
chr_9	500000	1000000	2.4929187125773515e-08
chr_9	1000000	1500000	5.3432949760492e-08
chr_9	1500000	2000000	6.824022614843234e-08
chr_9	2000000	2500000	7.736650126071477e-08
chr_9	2500000	3000000	7.393746311822206e-08
chr_9	3000000	3500000	5.195139792241553e-08
chr_9	3500000	4000000	5.288648538695021e-08
chr_9	4000000	4500000	8.081161903436323e-08
chr_9	4500000	5000000	1.0687164968215482e-07
chr_9	5000000	5500000	1.2986159128630426e-07
chr_9	5500000	6000000	6.962615959552282e-08
chr_9	6000000	6500000	7.140818464661219e-08
chr_9	6500000	7000000	5.67522027448098e-08
chr_9	7000000	7500000	5.0204150156143164e-08
chr_9	7500000	8000000	6.351565439340477e-08
chr_9	8000000	8500000	4.956163634467015e-08
chr_9	8500000	9000000	4.227010276329634e-08
chr_9	9000000	9500000	5.300517856274648e-08
chr_9	9500000	10000000	4.614085550852925e-08
chr_9	10000000	10500000	2.4003628889864384e-08
chr_9	10500000	11000000	1.571365679235966e-08
chr_9	11000000	11500000	2.003680884984326e-08
chr_9	11500000	12000000	4.1509389867827937e-08
chr_9	12000000	12500000	4.27157182373397e-08
chr_9	12500000	13000000	6.350133667478301e-08
chr_9	13000000	13500000	4.247859598361962e-08
chr_9	13500000	14000000	2.183506126360936e-08
chr_9	14000000	14500000	1.1041723095284023e-08
chr_9	14500000	15000000	2.2441852613510668e-08
chr_9	15000000	15500000	3.352865235229305e-08
chr_9	15500000	16000000	2.636578863370944e-08
chr_9	16000000	16500000	1.6004216351395574e-08
chr_9	16500000	17000000	1.677092173827974e-08
chr_9	17000000	17500000	1.2311911613009058e-08
chr_9	17500000	18000000	1.0782852728810053e-08
chr_9	18000000	18500000	1.2577486695579842e-08
chr_9	18500000	19000000	1.2609959460338867e-08
chr_9	19000000	19500000	1.0319975734996369e-08
chr_9	19500000	20000000	2.0600779190533917e-08
chr_9	20000000	20500000	1.904703432812812e-08
chr_9	20500000	21000000	1.431334392158932e-08
chr_9	21000000	21500000	1.1431830093824797e-08
chr_9	21500000	22000000	1.6301372847716428e-08
chr_9	22000000	22500000	2.144751520849843e-08
chr_9	22500000	23000000	2.3979034827505506e-08
chr_9	23000000	23500000	2.034415131237737e-08
chr_9	23500000	24000000	2.5889133872417357e-08
chr_9	24000000	24500000	6.068106157607405e-08
chr_9	24500000	25000000	7.044898390129462e-08
chr_9	25000000	25500000	9.821186676103832e-08
chr_9	25500000	26000000	9.444342598098295e-08
chr_9	26000000	26500000	8.583198430921654e-08
chr_9	26500000	27000000	6.013291359198302e-08
chr_9	27000000	27500000	1.690886948737987e-07
chr_9	27500000	28000000	5.240151477173367e-07
chr_9	28000000	28500000	2.384585599846238e-07
chr_9	28500000	29000000	2.1036160285293907e-07
chr_9	29000000	29500000	1.8105072077508172e-07
chr_9	29500000	30000000	1.5052281250037932e-07
chr_9	30000000	30500000	1.631512088592504e-07
chr_9	30500000	31000000	1.0618449663168212e-07
chr_9	31000000	31500000	6.866609712766747e-08
chr_9	31500000	31649621	7.996699798262033e-09
chr_W	6841	500000	7.596219215051067e-11
chr_W	500000	1000000	2.3369805270190945e-10
chr_W	1000000	1500000	6.071534366476232e-11
chr_W	1500000	2000000	6.587572403152639e-12
chr_W	2000000	2500000	9.494695366856158e-12
chr_W	2500000	3000000	1.95460888043008e-11
chr_W	3000000	3500000	1.6726449403635713e-11
chr_W	3500000	4000000	1.6768522948606698e-11
chr_W	4000000	4500000	1.4813791012644205e-11
chr_W	4500000	5000000	8.810052531582374e-12
chr_W	5000000	5500000	5.17967523295071e-11
chr_W	5500000	6000000	1.154333898141297e-11
chr_W	6000000	6500000	1.613114180022677e-11
chr_W	6500000	7000000	1.4920221150627235e-08
chr_W	7000000	7500000	3.814638809942295e-09
chr_W	7500000	8000000	1.1142650468350246e-09
chr_W	8000000	8500000	1.9979186820380804e-11
chr_W	8500000	9000000	6.722266105610653e-12
chr_W	9000000	9500000	6.722266105610653e-12
chr_W	9500000	10000000	9.212466603857095e-12
chr_W	10000000	10500000	1.5758577165125085e-11
chr_W	10500000	11000000	1.6215932707338295e-11
chr_W	11000000	11500000	4.9732604662522954e-11
chr_W	11500000	12000000	1.3964768091492923e-10
chr_W	12000000	12500000	2.2682064456000666e-11
chr_W	12500000	13000000	4.05306330669696e-11
chr_W	13000000	13500000	1.5345610454299144e-11
chr_W	13500000	14000000	4.046133395907095e-11
chr_W	14000000	14500000	4.3073141091351465e-11
chr_W	14500000	15000000	3.985848959264964e-11
chr_W	15000000	15500000	4.410218310036872e-11
chr_W	15500000	16000000	2.7861511827011268e-11
chr_W	16000000	16500000	1.695446185675553e-11
chr_W	16500000	17000000	2.5997928265018775e-11
chr_W	17000000	17500000	7.013993623521517e-11
chr_W	17500000	18000000	3.895921858227224e-11
chr_W	18000000	18500000	2.0807576727916358e-11
chr_W	18500000	19000000	1.9959754102971664e-11
chr_W	19000000	19500000	4.789618167483386e-10
chr_W	19500000	20000000	1.3694485658723713e-09
chr_W	20000000	20500000	4.597931881487478e-11
chr_W	20500000	21000000	1.7658114439035242e-11
chr_W	21000000	21500000	2.2242715022585684e-11
chr_W	21500000	21533104	6.0971023843824e-11
chr_Z	84	500000	1.3078218221706126e-08
chr_Z	500000	1000000	7.510930548208852e-08
chr_Z	1000000	1500000	8.040437556815564e-08
chr_Z	1500000	2000000	8.632606796772408e-08
chr_Z	2000000	2500000	1.0106623755407954e-08
chr_Z	2500000	3000000	3.1687624715864147e-09
chr_Z	3000000	3500000	2.1206879550776765e-08
chr_Z	3500000	4000000	3.566895485441761e-08
chr_Z	4000000	4500000	3.667314792261976e-08
chr_Z	4500000	5000000	4.4795975088502934e-08
chr_Z	5000000	5500000	6.131488873356061e-08
chr_Z	5500000	6000000	4.776813627228309e-08
chr_Z	6000000	6500000	5.2660058987787266e-08
chr_Z	6500000	7000000	5.503462168310459e-08
chr_Z	7000000	7500000	4.8750011637851884e-08
chr_Z	7500000	8000000	3.454748339153691e-08
chr_Z	8000000	8500000	3.2285505074292624e-08
chr_Z	8500000	9000000	3.307505109365356e-08
chr_Z	9000000	9500000	2.3501340347771484e-08
chr_Z	9500000	10000000	2.026264123919019e-08
chr_Z	10000000	10500000	1.3942008954541131e-08
chr_Z	10500000	11000000	2.0718135172862197e-08
chr_Z	11000000	11500000	3.181948586256868e-08
chr_Z	11500000	12000000	2.2546661508253677e-08
chr_Z	12000000	12500000	1.3312945069350567e-08
chr_Z	12500000	13000000	9.066609934342751e-09
chr_Z	13000000	13500000	6.800902736404829e-09
chr_Z	13500000	14000000	6.9587839915670536e-09
chr_Z	14000000	14500000	8.258546402049817e-09
chr_Z	14500000	15000000	5.964061266678553e-09
chr_Z	15000000	15500000	5.330535492682225e-09
chr_Z	15500000	16000000	5.4447138691335965e-09
chr_Z	16000000	16500000	2.506742623188122e-09
chr_Z	16500000	17000000	1.6682895202468015e-09
chr_Z	17000000	17500000	3.76429927723582e-09
chr_Z	17500000	18000000	3.665251088724509e-09
chr_Z	18000000	18500000	6.120299713521896e-09
chr_Z	18500000	19000000	4.729642119781828e-09
chr_Z	19000000	19500000	3.214574083786053e-09
chr_Z	19500000	20000000	4.535753846097726e-09
chr_Z	20000000	20500000	3.2059410695207603e-09
chr_Z	20500000	21000000	3.4415139159380474e-09
chr_Z	21000000	21500000	1.4775990015392647e-09
chr_Z	21500000	22000000	2.4325495552615367e-09
chr_Z	22000000	22500000	1.4802373590924942e-09
chr_Z	22500000	23000000	7.027742824245553e-10
chr_Z	23000000	23500000	4.224662105672625e-10
chr_Z	23500000	24000000	4.778961441206273e-10
chr_Z	24000000	24500000	2.7403890655242755e-10
chr_Z	24500000	25000000	2.160853032173458e-10
chr_Z	25000000	25500000	4.83508732866605e-10
chr_Z	25500000	26000000	6.711905031315027e-10
chr_Z	26000000	26500000	4.0809645318480084e-10
chr_Z	26500000	27000000	6.672759806957217e-10
chr_Z	27000000	27500000	9.213500001588249e-10
chr_Z	27500000	28000000	7.033529863429861e-10
chr_Z	28000000	28500000	7.84278458836257e-10
chr_Z	28500000	29000000	6.990622322692768e-10
chr_Z	29000000	29500000	9.032944188889099e-10
chr_Z	29500000	30000000	4.956892764326023e-10
chr_Z	30000000	30500000	9.200378746708607e-10
chr_Z	30500000	31000000	4.596853969012169e-10
chr_Z	31000000	31500000	6.197142499635151e-10
chr_Z	31500000	32000000	3.566624914601371e-10
chr_Z	32000000	32500000	3.9136709707648007e-10
chr_Z	32500000	33000000	6.620237304998967e-10
chr_Z	33000000	33500000	8.543488038373225e-10
chr_Z	33500000	34000000	8.197819485139563e-10
chr_Z	34000000	34500000	5.017108358130139e-10
chr_Z	34500000	35000000	8.556204938461127e-10
chr_Z	35000000	35500000	1.6766798750304354e-10
chr_Z	35500000	36000000	3.6191227754630563e-10
chr_Z	36000000	36500000	8.816755354830236e-10
chr_Z	36500000	37000000	7.27952444637821e-10
chr_Z	37000000	37500000	7.130429711170838e-10
chr_Z	37500000	38000000	5.881732266172649e-10
chr_Z	38000000	38500000	5.489265002292649e-10
chr_Z	38500000	39000000	1.0038673050542122e-09
chr_Z	39000000	39500000	7.211182589180296e-10
chr_Z	39500000	40000000	7.888677466669144e-10
chr_Z	40000000	40500000	1.0218556756845233e-09
chr_Z	40500000	41000000	6.072854935900744e-10
chr_Z	41000000	41500000	6.365803936908822e-10
chr_Z	41500000	42000000	6.075093567223451e-10
chr_Z	42000000	42500000	4.717612425244733e-10
chr_Z	42500000	43000000	6.564930026272557e-10
chr_Z	43000000	43500000	3.375215726004851e-10
chr_Z	43500000	44000000	5.634783649645294e-10
chr_Z	44000000	44500000	3.841106715471328e-10
chr_Z	44500000	45000000	7.042890691230874e-10
chr_Z	45000000	45500000	4.6254350623935875e-10
chr_Z	45500000	46000000	1.2038785409419342e-09
chr_Z	46000000	46500000	1.3295593754852844e-09
chr_Z	46500000	47000000	5.792319409080725e-10
chr_Z	47000000	47500000	4.0952505064575287e-10
chr_Z	47500000	48000000	7.59836772804464e-10
chr_Z	48000000	48500000	6.905033045384515e-10
chr_Z	48500000	49000000	9.669241628388056e-10
chr_Z	49000000	49500000	1.1752250081511057e-09
chr_Z	49500000	50000000	8.989531784513115e-10
chr_Z	50000000	50500000	6.966692304558706e-10
chr_Z	50500000	51000000	8.162490819229711e-10
chr_Z	51000000	51500000	8.46674665140931e-10
chr_Z	51500000	52000000	8.579955507282992e-10
chr_Z	52000000	52500000	6.454698014808777e-10
chr_Z	52500000	53000000	1.086649504876443e-09
chr_Z	53000000	53500000	1.0353017700939904e-09
chr_Z	53500000	54000000	1.0739194103442207e-09
chr_Z	54000000	54500000	1.2722074388517177e-09
chr_Z	54500000	55000000	1.377222987267807e-09
chr_Z	55000000	55500000	8.068680223928894e-10
chr_Z	55500000	56000000	8.188764156198435e-10
chr_Z	56000000	56500000	6.482772373076336e-10
chr_Z	56500000	57000000	8.870554831573246e-10
chr_Z	57000000	57500000	4.796031148144971e-10
chr_Z	57500000	58000000	5.38407865137211e-10
chr_Z	58000000	58500000	3.688915848876178e-10
chr_Z	58500000	59000000	4.5008252791888814e-10
chr_Z	59000000	59500000	6.730017845208463e-10
chr_Z	59500000	60000000	4.294387557130954e-10
chr_Z	60000000	60500000	6.552232992950661e-10
chr_Z	60500000	61000000	4.1794739271285374e-10
chr_Z	61000000	61500000	6.815134332652845e-10
chr_Z	61500000	62000000	5.474185981701084e-10
chr_Z	62000000	62500000	1.028591160338116e-09
chr_Z	62500000	63000000	3.197223846561929e-10
chr_Z	63000000	63500000	3.428558371037269e-10
chr_Z	63500000	64000000	3.3953519392673207e-10
chr_Z	64000000	64500000	5.293237199891519e-10
chr_Z	64500000	65000000	5.293237199891531e-10
chr_Z	65000000	65500000	5.790607746837855e-10
chr_Z	65500000	66000000	1.503723200350446e-09
chr_Z	66000000	66500000	1.993624454859838e-09
chr_Z	66500000	67000000	1.2346342017951674e-09
chr_Z	67000000	67500000	2.33006244585815e-09
chr_Z	67500000	68000000	1.8507595546399501e-09
chr_Z	68000000	68500000	2.44649842601981e-09
chr_Z	68500000	69000000	1.3758826044887186e-09
chr_Z	69000000	69500000	2.2591903285736982e-09
chr_Z	69500000	70000000	9.355745670703213e-10
chr_Z	70000000	70500000	2.7975469287952275e-09
chr_Z	70500000	71000000	2.2406747229987876e-09
chr_Z	71000000	71500000	1.6103630391104596e-09
chr_Z	71500000	72000000	1.0728202151165742e-09
chr_Z	72000000	72500000	1.4158497369677626e-09
chr_Z	72500000	73000000	2.3790516735309732e-09
chr_Z	73000000	73500000	1.6926599743796098e-09
chr_Z	73500000	74000000	2.110463745701585e-09
chr_Z	74000000	74500000	1.289655019072952e-09
chr_Z	74500000	75000000	1.0853441139962301e-09
chr_Z	75000000	75500000	1.3038835181571593e-09
chr_Z	75500000	76000000	2.801128100598755e-09
chr_Z	76000000	76500000	4.1872454958574615e-09
chr_Z	76500000	77000000	3.775238314818509e-09
chr_Z	77000000	77500000	2.4244084999007378e-09
chr_Z	77500000	78000000	2.8737091006548054e-09
chr_Z	78000000	78500000	7.762390082380969e-09
chr_Z	78500000	79000000	4.586158591786353e-09
chr_Z	79000000	79500000	3.950210424773638e-09
chr_Z	79500000	80000000	1.511965609243003e-08
chr_Z	80000000	80500000	1.3015865682530998e-08
chr_Z	80500000	81000000	1.0166216992000402e-08
chr_Z	81000000	81500000	1.0532558044981374e-08
chr_Z	81500000	82000000	1.1705547440675297e-08
chr_Z	82000000	82500000	1.1642862287962126e-08
chr_Z	82500000	83000000	1.1942840621692585e-08
chr_Z	83000000	83500000	1.990681579817159e-08
chr_Z	83500000	84000000	1.7445394510183225e-08
chr_Z	84000000	84500000	1.4903204592980423e-08
chr_Z	84500000	85000000	2.2877379361899994e-08
chr_Z	85000000	85500000	3.4519872804280593e-08
chr_Z	85500000	86000000	2.768968626916922e-08
chr_Z	86000000	86500000	5.023622814834908e-08
chr_Z	86500000	87000000	5.126305477004905e-08
chr_Z	87000000	87500000	1.261492906473314e-07
chr_Z	87500000	88000000	1.638735953315253e-07
chr_Z	88000000	88500000	2.929547568912983e-07
chr_Z	88500000	88575348	9.634992429138725e-09
